 &plot nbnd=  80, nks=   101 /
            0.000000  0.000000  0.000000
  -82.060  -68.433  -63.939  -63.925  -45.606  -45.363  -45.208  -37.494  -37.486  -37.468
  -28.404  -28.347  -28.315  -28.247  -28.235  -28.172   -8.348   -7.021   -6.735   -6.717
   -6.587   -6.438   -6.204   -5.960    3.692    3.919    4.336    4.412    4.644    5.026
    5.347    5.674    6.101    6.141    6.444    6.750    7.027    7.050    7.219    7.541
    7.585    7.812    7.837    8.215    8.442    8.473    8.512    9.001    9.071    9.251
    9.410    9.753    9.885   10.213   10.863   13.483   13.939   14.007   14.160   14.772
   14.972   15.841   16.398   16.615   16.631   17.936   18.937   19.324   19.508   21.418
   21.725   21.957   22.165   22.941   23.181   23.659   24.603   24.697   24.887   25.229
            0.000000  0.020455  0.000000
  -82.060  -68.433  -63.939  -63.925  -45.606  -45.363  -45.208  -37.494  -37.486  -37.468
  -28.404  -28.347  -28.315  -28.247  -28.235  -28.172   -8.347   -7.021   -6.735   -6.721
   -6.588   -6.436   -6.204   -5.959    3.694    3.921    4.338    4.413    4.643    5.028
    5.349    5.672    6.102    6.139    6.428    6.756    7.025    7.048    7.218    7.539
    7.585    7.819    7.842    8.214    8.425    8.482    8.514    9.002    9.073    9.250
    9.410    9.751    9.883   10.216   10.864   13.484   13.932   14.008   14.168   14.772
   14.972   15.841   16.398   16.615   16.638   17.937   18.930   19.324   19.511   21.417
   21.700   21.965   22.184   22.943   23.183   23.657   24.603   24.694   24.883   25.229
            0.000000  0.040910  0.000000
  -82.060  -68.433  -63.939  -63.925  -45.606  -45.363  -45.208  -37.494  -37.486  -37.468
  -28.404  -28.347  -28.315  -28.247  -28.235  -28.172   -8.342   -7.023   -6.736   -6.730
   -6.589   -6.431   -6.204   -5.957    3.700    3.928    4.343    4.416    4.639    5.034
    5.354    5.665    6.108    6.134    6.389    6.766    7.024    7.039    7.217    7.535
    7.587    7.840    7.855    8.211    8.391    8.491    8.517    9.003    9.074    9.248
    9.411    9.746    9.879   10.227   10.866   13.486   13.913   14.011   14.186   14.772
   14.971   15.839   16.397   16.616   16.658   17.937   18.909   19.322   19.518   21.417
   21.636   21.990   22.232   22.950   23.191   23.649   24.604   24.685   24.871   25.231
            0.000000  0.061365  0.000000
  -82.060  -68.433  -63.939  -63.925  -45.606  -45.363  -45.208  -37.494  -37.486  -37.468
  -28.404  -28.347  -28.315  -28.247  -28.235  -28.172   -8.335   -7.025   -6.744   -6.736
   -6.591   -6.424   -6.203   -5.955    3.710    3.939    4.350    4.421    4.633    5.044
    5.363    5.654    6.118    6.123    6.338    6.764    7.022    7.031    7.218    7.529
    7.591    7.869    7.875    8.207    8.349    8.494    8.524    9.006    9.069    9.250
    9.413    9.737    9.872   10.244   10.870   13.489   13.887   14.016   14.212   14.773
   14.969   15.837   16.397   16.618   16.692   17.939   18.875   19.319   19.528   21.419
   21.549   22.030   22.291   22.961   23.204   23.637   24.605   24.669   24.850   25.236
            0.000000  0.081820  0.000000
  -82.060  -68.433  -63.939  -63.925  -45.606  -45.363  -45.208  -37.494  -37.486  -37.468
  -28.404  -28.346  -28.315  -28.247  -28.236  -28.173   -8.325   -7.029   -6.762   -6.737
   -6.595   -6.416   -6.202   -5.951    3.724    3.955    4.361    4.428    4.625    5.057
    5.376    5.638    6.103    6.133    6.285    6.742    6.997    7.052    7.222    7.522
    7.598    7.898    7.900    8.202    8.306    8.492    8.532    9.010    9.051    9.262
    9.415    9.724    9.862   10.267   10.876   13.494   13.858   14.023   14.241   14.773
   14.967   15.833   16.396   16.620   16.739   17.941   18.832   19.315   19.540   21.424
   21.452   22.081   22.350   22.975   23.226   23.622   24.606   24.647   24.822   25.243
            0.000000  0.102274  0.000000
  -82.060  -68.433  -63.939  -63.925  -45.606  -45.363  -45.208  -37.494  -37.486  -37.468
  -28.404  -28.346  -28.315  -28.247  -28.236  -28.173   -8.313   -7.036   -6.780   -6.738
   -6.598   -6.408   -6.201   -5.946    3.742    3.975    4.374    4.437    4.615    5.072
    5.392    5.618    6.069    6.153    6.239    6.703    6.963    7.083    7.231    7.515
    7.607    7.923    7.926    8.199    8.266    8.486    8.542    9.015    9.021    9.283
    9.417    9.709    9.849   10.295   10.883   13.498   13.830   14.032   14.271   14.774
   14.964   15.829   16.396   16.624   16.797   17.943   18.781   19.309   19.550   21.348
   21.437   22.143   22.402   22.991   23.257   23.602   24.607   24.616   24.784   25.254
            0.000000  0.122729  0.000000
  -82.060  -68.433  -63.939  -63.925  -45.606  -45.363  -45.208  -37.494  -37.486  -37.468
  -28.404  -28.346  -28.315  -28.247  -28.236  -28.173   -8.298   -7.046   -6.798   -6.740
   -6.602   -6.400   -6.200   -5.940    3.764    3.998    4.390    4.447    4.605    5.090
    5.410    5.594    6.020    6.178    6.205    6.654    6.923    7.117    7.241    7.507
    7.619    7.937    7.948    8.197    8.239    8.475    8.553    8.980    9.020    9.311
    9.419    9.692    9.834   10.327   10.891   13.502   13.804   14.042   14.300   14.774
   14.960   15.824   16.395   16.628   16.867   17.946   18.724   19.301   19.558   21.241
   21.457   22.212   22.445   23.007   23.299   23.581   24.575   24.609   24.740   25.270
            0.000000  0.143184  0.000000
  -82.060  -68.433  -63.939  -63.925  -45.606  -45.363  -45.208  -37.494  -37.486  -37.468
  -28.404  -28.346  -28.315  -28.247  -28.236  -28.173   -8.280   -7.061   -6.814   -6.741
   -6.607   -6.392   -6.199   -5.934    3.789    4.026    4.408    4.458    4.594    5.108
    5.430    5.566    5.960    6.178    6.208    6.603    6.880    7.148    7.252    7.500
    7.634    7.924    7.970    8.198    8.232    8.462    8.565    8.934    9.027    9.341
    9.421    9.673    9.817   10.361   10.901   13.503   13.782   14.054   14.327   14.775
   14.955   15.819   16.394   16.632   16.946   17.949   18.664   19.290   19.562   21.133
   21.488   22.288   22.479   23.022   23.353   23.558   24.521   24.610   24.691   25.290
            0.000000  0.163639  0.000000
  -82.060  -68.433  -63.939  -63.925  -45.606  -45.363  -45.208  -37.494  -37.486  -37.468
  -28.403  -28.346  -28.315  -28.247  -28.237  -28.173   -8.261   -7.080   -6.826   -6.743
   -6.611   -6.386   -6.198   -5.928    3.818    4.058    4.428    4.469    4.583    5.126
    5.448    5.536    5.899    6.154    6.241    6.556    6.835    7.172    7.260    7.493
    7.651    7.890    7.990    8.203    8.244    8.447    8.578    8.884    9.033    9.372
    9.421    9.652    9.798   10.397   10.912   13.501   13.767   14.067   14.352   14.776
   14.950   15.813   16.394   16.637   17.035   17.952   18.602   19.276   19.562   21.027
   21.528   22.368   22.503   23.034   23.415   23.538   24.451   24.611   24.641   25.312
            0.000000  0.184094  0.000000
  -82.060  -68.433  -63.939  -63.925  -45.606  -45.363  -45.208  -37.494  -37.486  -37.468
  -28.403  -28.345  -28.315  -28.247  -28.237  -28.173   -8.239   -7.106   -6.835   -6.745
   -6.616   -6.381   -6.197   -5.921    3.850    4.093    4.448    4.480    4.574    5.144
    5.458    5.504    5.842    6.130    6.276    6.514    6.791    7.186    7.265    7.488
    7.669    7.843    8.007    8.213    8.264    8.432    8.590    8.835    9.040    9.402
    9.421    9.632    9.777   10.434   10.924   13.494   13.760   14.081   14.373   14.777
   14.945   15.807   16.394   16.642   17.132   17.956   18.540   19.257   19.559   20.922
   21.579   22.452   22.518   23.043   23.471   23.535   24.367   24.591   24.613   25.334
            0.000000  0.204549  0.000000
  -82.060  -68.433  -63.939  -63.925  -45.606  -45.363  -45.208  -37.494  -37.486  -37.468
  -28.403  -28.345  -28.315  -28.247  -28.237  -28.173   -8.215   -7.135   -6.839   -6.748
   -6.620   -6.377   -6.197   -5.914    3.884    4.131    4.470    4.489    4.569    5.162
    5.455    5.472    5.796    6.109    6.313    6.482    6.750    7.187    7.265    7.485
    7.686    7.790    8.023    8.227    8.282    8.421    8.601    8.789    9.047    9.420
    9.431    9.611    9.756   10.472   10.936   13.482   13.761   14.095   14.391   14.779
   14.939   15.801   16.395   16.648   17.236   17.959   18.478   19.234   19.552   20.822
   21.640   22.527   22.538   23.049   23.475   23.592   24.269   24.540   24.615   25.353
            0.000000  0.225004  0.000000
  -82.060  -68.433  -63.939  -63.925  -45.606  -45.363  -45.208  -37.494  -37.486  -37.468
  -28.403  -28.345  -28.315  -28.248  -28.238  -28.173   -8.190   -7.168   -6.840   -6.750
   -6.624   -6.374   -6.196   -5.907    3.922    4.171    4.491    4.494    4.568    5.177
    5.434    5.440    5.760    6.095    6.348    6.460    6.714    7.175    7.261    7.482
    7.701    7.736    8.041    8.242    8.290    8.418    8.611    8.747    9.054    9.416
    9.457    9.592    9.735   10.509   10.949   13.466   13.769   14.110   14.406   14.782
   14.933   15.795   16.396   16.654   17.345   17.963   18.417   19.205   19.543   20.727
   21.711   22.531   22.625   23.051   23.462   23.675   24.161   24.488   24.617   25.362
            0.000000  0.245459  0.000000
  -82.060  -68.433  -63.939  -63.925  -45.606  -45.363  -45.208  -37.494  -37.486  -37.468
  -28.403  -28.344  -28.315  -28.248  -28.238  -28.173   -8.164   -7.204   -6.839   -6.752
   -6.628   -6.373   -6.195   -5.900    3.961    4.214    4.493    4.511    4.574    5.189
    5.397    5.408    5.728    6.096    6.379    6.447    6.687    7.150    7.251    7.477
    7.687    7.713    8.062    8.259    8.286    8.424    8.619    8.713    9.062    9.411
    9.481    9.575    9.713   10.545   10.962   13.447   13.783   14.124   14.416   14.786
   14.926   15.789   16.397   16.659   17.458   17.966   18.359   19.168   19.532   20.639
   21.790   22.531   22.712   23.049   23.450   23.766   24.044   24.434   24.620   25.357
            0.000000  0.265913  0.000000
  -82.060  -68.433  -63.939  -63.925  -45.606  -45.363  -45.208  -37.494  -37.486  -37.468
  -28.403  -28.344  -28.315  -28.248  -28.238  -28.173   -8.138   -7.240   -6.836   -6.755
   -6.632   -6.372   -6.195   -5.894    4.002    4.258    4.489    4.531    4.585    5.196
    5.352    5.378    5.695    6.115    6.402    6.442    6.672    7.114    7.238    7.465
    7.646    7.722    8.087    8.274    8.275    8.433    8.625    8.688    9.069    9.403
    9.502    9.559    9.693   10.578   10.974   13.428   13.800   14.139   14.422   14.790
   14.919   15.783   16.398   16.664   17.573   17.970   18.306   19.124   19.519   20.560
   21.877   22.528   22.796   23.045   23.442   23.859   23.924   24.379   24.624   25.332
            0.000000  0.286368  0.000000
  -82.060  -68.433  -63.939  -63.925  -45.606  -45.363  -45.208  -37.494  -37.486  -37.468
  -28.403  -28.344  -28.315  -28.248  -28.239  -28.173   -8.111   -7.275   -6.833   -6.757
   -6.634   -6.372   -6.194   -5.888    4.043    4.302    4.483    4.548    4.597    5.193
    5.310    5.351    5.657    6.149    6.412    6.444    6.673    7.071    7.220    7.440
    7.618    7.728    8.113    8.259    8.290    8.440    8.628    8.671    9.077    9.393
    9.520    9.546    9.675   10.609   10.986   13.409   13.818   14.152   14.425   14.795
   14.913   15.778   16.400   16.669   17.690   17.973   18.257   19.072   19.506   20.490
   21.970   22.524   22.877   23.037   23.436   23.802   23.954   24.323   24.629   25.287
            0.000000  0.306823  0.000000
  -82.060  -68.433  -63.939  -63.925  -45.606  -45.363  -45.208  -37.494  -37.486  -37.468
  -28.403  -28.344  -28.315  -28.248  -28.239  -28.173   -8.085   -7.310   -6.829   -6.759
   -6.637   -6.373   -6.194   -5.883    4.084    4.345    4.477    4.562    4.610    5.174
    5.280    5.326    5.619    6.193    6.411    6.453    6.689    7.022    7.198    7.402
    7.603    7.731    8.142    8.247    8.303    8.441    8.628    8.664    9.085    9.381
    9.535    9.536    9.659   10.636   10.996   13.392   13.837   14.165   14.425   14.800
   14.907   15.773   16.402   16.674   17.804   17.978   18.214   19.012   19.494   20.430
   22.067   22.519   22.950   23.029   23.434   23.684   24.048   24.268   24.636   25.223
            0.000000  0.327278  0.000000
  -82.060  -68.433  -63.939  -63.925  -45.606  -45.363  -45.208  -37.494  -37.486  -37.468
  -28.403  -28.343  -28.315  -28.248  -28.239  -28.173   -8.062   -7.341   -6.825   -6.761
   -6.639   -6.374   -6.194   -5.878    4.122    4.386    4.471    4.573    4.623    5.142
    5.262    5.305    5.585    6.238    6.403    6.471    6.715    6.971    7.174    7.357
    7.597    7.733    8.169    8.237    8.314    8.438    8.627    8.663    9.093    9.369
    9.528    9.548    9.646   10.660   11.005   13.377   13.855   14.176   14.423   14.805
   14.901   15.769   16.404   16.678   17.909   17.990   18.177   18.945   19.483   20.381
   22.165   22.514   23.011   23.020   23.433   23.575   24.139   24.214   24.646   25.147
            0.000000  0.347733  0.000000
  -82.060  -68.433  -63.939  -63.925  -45.606  -45.363  -45.208  -37.494  -37.486  -37.468
  -28.403  -28.343  -28.315  -28.248  -28.239  -28.174   -8.041   -7.367   -6.821   -6.763
   -6.640   -6.375   -6.194   -5.875    4.156    4.422    4.466    4.580    4.633    5.108
    5.248    5.288    5.558    6.277    6.393    6.500    6.744    6.920    7.150    7.313
    7.594    7.734    8.195    8.230    8.322    8.432    8.624    8.666    9.101    9.356
    9.522    9.557    9.635   10.678   11.013   13.365   13.871   14.184   14.420   14.809
   14.897   15.766   16.405   16.681   17.961   18.046   18.148   18.875   19.474   20.344
   22.261   22.509   23.012   23.051   23.434   23.486   24.165   24.223   24.662   25.063
            0.000000  0.368188  0.000000
  -82.060  -68.433  -63.939  -63.925  -45.606  -45.363  -45.208  -37.494  -37.486  -37.468
  -28.403  -28.343  -28.315  -28.248  -28.240  -28.174   -8.025   -7.388   -6.819   -6.764
   -6.642   -6.376   -6.193   -5.872    4.184    4.451    4.463    4.583    4.641    5.081
    5.235    5.275    5.541    6.305    6.383    6.536    6.771    6.871    7.128    7.276
    7.593    7.735    8.215    8.226    8.328    8.426    8.620    8.669    9.107    9.346
    9.518    9.564    9.628   10.692   11.018   13.356   13.882   14.191   14.417   14.812
   14.893   15.763   16.407   16.683   17.970   18.127   18.133   18.807   19.467   20.317
   22.346   22.505   23.006   23.063   23.427   23.435   24.125   24.292   24.687   24.978
            0.000000  0.388643  0.000000
  -82.060  -68.433  -63.939  -63.925  -45.606  -45.363  -45.208  -37.494  -37.486  -37.468
  -28.403  -28.343  -28.315  -28.248  -28.240  -28.174   -8.014   -7.401   -6.817   -6.764
   -6.642   -6.376   -6.193   -5.871    4.202    4.461    4.470    4.583    4.646    5.064
    5.225    5.268    5.531    6.320    6.377    6.571    6.791    6.832    7.112    7.251
    7.593    7.735    8.224    8.229    8.331    8.422    8.617    8.672    9.111    9.339
    9.515    9.568    9.623   10.700   11.022   13.350   13.890   14.195   14.415   14.814
   14.891   15.762   16.408   16.684   17.973   18.114   18.201   18.753   19.463   20.301
   22.408   22.503   23.002   23.051   23.402   23.436   24.099   24.338   24.722   24.901
            0.000000  0.409098  0.000000
  -82.060  -68.433  -63.939  -63.925  -45.606  -45.363  -45.208  -37.494  -37.486  -37.468
  -28.402  -28.343  -28.315  -28.248  -28.240  -28.174   -8.011   -7.405   -6.816   -6.765
   -6.642   -6.376   -6.193   -5.870    4.208    4.460    4.478    4.583    4.648    5.059
    5.221    5.265    5.528    6.325    6.375    6.586    6.798    6.815    7.106    7.242
    7.593    7.735    8.224    8.233    8.332    8.421    8.616    8.673    9.113    9.337
    9.514    9.570    9.622   10.703   11.023   13.348   13.893   14.196   14.414   14.815
   14.890   15.761   16.408   16.685   17.973   18.110   18.227   18.731   19.461   20.296
   22.432   22.502   23.001   23.042   23.396   23.436   24.089   24.355   24.748   24.860
            0.025001  0.409098  0.000304
  -82.060  -68.433  -63.939  -63.925  -45.606  -45.363  -45.208  -37.494  -37.486  -37.468
  -28.402  -28.343  -28.315  -28.248  -28.240  -28.174   -8.010   -7.405   -6.818   -6.763
   -6.643   -6.376   -6.192   -5.872    4.209    4.456    4.482    4.585    4.636    5.067
    5.184    5.302    5.534    6.298    6.388    6.589    6.782    6.850    7.107    7.243
    7.569    7.759    8.207    8.246    8.324    8.416    8.618    8.680    9.109    9.336
    9.504    9.577    9.624   10.705   11.019   13.350   13.893   14.195   14.419   14.814
   14.888   15.761   16.403   16.688   17.976   18.113   18.235   18.718   19.473   20.296
   22.375   22.549   22.985   23.042   23.363   23.477   24.098   24.357   24.750   24.865
            0.050002  0.409098  0.000609
  -82.060  -68.433  -63.939  -63.925  -45.606  -45.363  -45.208  -37.494  -37.486  -37.468
  -28.402  -28.343  -28.315  -28.248  -28.240  -28.174   -8.006   -7.403   -6.825   -6.759
   -6.645   -6.375   -6.190   -5.877    4.211    4.448    4.492    4.576    4.618    5.087
    5.139    5.348    5.553    6.241    6.404    6.596    6.778    6.905    7.113    7.246
    7.525    7.805    8.182    8.257    8.303    8.403    8.623    8.698    9.097    9.333
    9.480    9.588    9.632   10.709   11.008   13.356   13.894   14.191   14.434   14.811
   14.881   15.759   16.389   16.697   17.984   18.123   18.256   18.683   19.507   20.298
   22.288   22.604   22.944   23.040   23.330   23.530   24.126   24.364   24.754   24.879
            0.075002  0.409098  0.000913
  -82.060  -68.433  -63.939  -63.925  -45.606  -45.363  -45.208  -37.494  -37.486  -37.468
  -28.402  -28.343  -28.315  -28.248  -28.240  -28.174   -8.000   -7.400   -6.833   -6.754
   -6.649   -6.374   -6.186   -5.885    4.214    4.438    4.503    4.531    4.628    5.077
    5.139    5.384    5.587    6.175    6.418    6.607    6.788    6.957    7.129    7.247
    7.488    7.849    8.156    8.262    8.275    8.381    8.632    8.722    9.079    9.328
    9.451    9.595    9.647   10.715   10.990   13.364   13.896   14.184   14.456   14.805
   14.869   15.757   16.369   16.709   17.998   18.140   18.291   18.631   19.557   20.301
   22.194   22.635   22.895   23.034   23.309   23.572   24.173   24.376   24.760   24.904
            0.100003  0.409098  0.001217
  -82.060  -68.433  -63.939  -63.925  -45.606  -45.363  -45.208  -37.494  -37.486  -37.468
  -28.402  -28.343  -28.315  -28.248  -28.240  -28.174   -7.992   -7.397   -6.844   -6.747
   -6.654   -6.372   -6.181   -5.897    4.218    4.415    4.480    4.520    4.650    5.042
    5.174    5.408    5.633    6.106    6.430    6.619    6.808    6.989    7.157    7.254
    7.469    7.875    8.137    8.234    8.273    8.351    8.642    8.747    9.055    9.318
    9.421    9.600    9.668   10.722   10.966   13.376   13.898   14.176   14.486   14.797
   14.854   15.753   16.346   16.721   18.016   18.164   18.334   18.572   19.616   20.306
   22.097   22.624   22.862   23.027   23.300   23.599   24.236   24.394   24.765   24.940
            0.125004  0.409098  0.001521
  -82.060  -68.433  -63.939  -63.925  -45.606  -45.363  -45.208  -37.494  -37.486  -37.468
  -28.402  -28.343  -28.315  -28.248  -28.240  -28.174   -7.981   -7.392   -6.857   -6.741
   -6.660   -6.369   -6.176   -5.911    4.221    4.360    4.456    4.538    4.677    5.012
    5.214    5.423    5.682    6.043    6.440    6.632    6.828    7.000    7.170    7.296
    7.472    7.874    8.127    8.204    8.277    8.313    8.653    8.767    9.028    9.302
    9.392    9.605    9.691   10.730   10.937   13.391   13.901   14.166   14.520   14.786
   14.838   15.749   16.323   16.731   18.040   18.194   18.374   18.521   19.681   20.311
   21.999   22.567   22.854   23.017   23.298   23.611   24.309   24.419   24.769   24.987
            0.150005  0.409098  0.001826
  -82.060  -68.433  -63.939  -63.925  -45.606  -45.363  -45.208  -37.494  -37.486  -37.468
  -28.402  -28.343  -28.316  -28.248  -28.240  -28.174   -7.969   -7.387   -6.871   -6.733
   -6.667   -6.365   -6.170   -5.928    4.223    4.289    4.445    4.562    4.706    4.991
    5.252    5.435    5.722    5.998    6.449    6.645    6.831    7.013    7.168    7.366
    7.495    7.849    8.104    8.199    8.263    8.285    8.664    8.778    9.004    9.279
    9.368    9.613    9.716   10.737   10.902   13.408   13.905   14.154   14.556   14.771
   14.823   15.744   16.300   16.739   18.068   18.229   18.368   18.526   19.748   20.319
   21.901   22.483   22.855   23.004   23.303   23.611   24.377   24.457   24.769   25.045
            0.175006  0.409098  0.002130
  -82.060  -68.433  -63.939  -63.925  -45.606  -45.363  -45.208  -37.494  -37.486  -37.468
  -28.402  -28.343  -28.316  -28.248  -28.240  -28.174   -7.955   -7.381   -6.885   -6.726
   -6.674   -6.360   -6.164   -5.946    4.202    4.238    4.436    4.591    4.733    4.982
    5.286    5.446    5.738    5.987    6.457    6.656    6.803    7.040    7.174    7.436
    7.534    7.812    8.066    8.199    8.227    8.292    8.671    8.775    8.987    9.251
    9.349    9.623    9.741   10.741   10.865   13.426   13.910   14.140   14.591   14.752
   14.813   15.738   16.280   16.744   18.099   18.257   18.324   18.590   19.816   20.329
   21.805   22.388   22.850   22.990   23.312   23.604   24.427   24.513   24.760   25.113
            0.200007  0.409098  0.002434
  -82.060  -68.433  -63.939  -63.925  -45.606  -45.363  -45.208  -37.494  -37.486  -37.468
  -28.402  -28.343  -28.316  -28.249  -28.239  -28.174   -7.940   -7.373   -6.901   -6.719
   -6.682   -6.355   -6.159   -5.966    4.131    4.238    4.426    4.622    4.757    4.986
    5.309    5.462    5.730    6.012    6.465    6.662    6.756    7.072    7.199    7.494
    7.581    7.776    8.023    8.142    8.238    8.308    8.666    8.765    8.979    9.222
    9.333    9.635    9.766   10.741   10.828   13.445   13.915   14.126   14.617   14.732
   14.811   15.731   16.262   16.746   18.133   18.223   18.336   18.674   19.881   20.341
   21.711   22.289   22.836   22.975   23.324   23.596   24.463   24.568   24.742   25.190
            0.225007  0.409098  0.002739
  -82.060  -68.433  -63.939  -63.925  -45.606  -45.363  -45.208  -37.494  -37.486  -37.468
  -28.402  -28.343  -28.316  -28.249  -28.239  -28.174   -7.924   -7.365   -6.917   -6.714
   -6.687   -6.349   -6.156   -5.987    4.058    4.243    4.414    4.655    4.777    5.004
    5.317    5.485    5.715    6.060    6.471    6.640    6.723    7.096    7.240    7.540
    7.607    7.766    7.986    8.080    8.243    8.334    8.640    8.759    8.978    9.198
    9.321    9.648    9.791   10.730   10.795   13.465   13.922   14.110   14.627   14.715
   14.822   15.724   16.249   16.744   18.142   18.183   18.381   18.767   19.945   20.357
   21.619   22.187   22.813   22.959   23.334   23.593   24.494   24.586   24.733   25.275
            0.250008  0.409098  0.003043
  -82.060  -68.433  -63.939  -63.925  -45.606  -45.363  -45.208  -37.494  -37.486  -37.468
  -28.402  -28.343  -28.316  -28.249  -28.239  -28.174   -7.906   -7.356   -6.934   -6.714
   -6.689   -6.343   -6.154   -6.007    3.989    4.250    4.400    4.684    4.795    5.036
    5.309    5.517    5.709    6.117    6.474    6.582    6.722    7.113    7.284    7.561
    7.615    7.772    7.961    8.032    8.240    8.363    8.597    8.758    8.980    9.179
    9.310    9.661    9.815   10.703   10.774   13.483   13.929   14.094   14.615   14.703
   14.846   15.716   16.239   16.739   18.080   18.213   18.431   18.867   20.006   20.377
   21.531   22.085   22.782   22.942   23.335   23.602   24.523   24.540   24.756   25.364
            0.275009  0.409098  0.003347
  -82.060  -68.433  -63.939  -63.925  -45.606  -45.363  -45.208  -37.494  -37.486  -37.468
  -28.402  -28.343  -28.317  -28.249  -28.239  -28.174   -7.889   -7.347   -6.951   -6.719
   -6.684   -6.337   -6.155   -6.026    3.924    4.258    4.386    4.702    4.816    5.077
    5.288    5.552    5.720    6.179    6.458    6.528    6.731    7.128    7.312    7.535
    7.656    7.748    7.944    8.031    8.232    8.392    8.549    8.757    8.983    9.166
    9.302    9.673    9.839   10.664   10.761   13.501   13.937   14.077   14.592   14.693
   14.879   15.708   16.234   16.731   18.015   18.250   18.484   18.969   20.063   20.402
   21.447   21.982   22.744   22.926   23.323   23.631   24.460   24.550   24.792   25.454
            0.300010  0.409098  0.003652
  -82.060  -68.433  -63.939  -63.925  -45.606  -45.363  -45.208  -37.494  -37.486  -37.468
  -28.402  -28.343  -28.317  -28.249  -28.239  -28.174   -7.871   -7.337   -6.967   -6.726
   -6.678   -6.330   -6.159   -6.042    3.864    4.267    4.373    4.706    4.846    5.126
    5.261    5.586    5.749    6.240    6.400    6.515    6.740    7.142    7.316    7.500
    7.658    7.740    7.930    8.069    8.222    8.411    8.512    8.754    8.987    9.159
    9.298    9.682    9.862   10.622   10.748   13.517   13.947   14.061   14.563   14.682
   14.916   15.701   16.232   16.721   17.953   18.287   18.536   19.071   20.117   20.433
   21.367   21.878   22.703   22.910   23.296   23.679   24.373   24.572   24.824   25.540
            0.325011  0.409098  0.003956
  -82.060  -68.433  -63.939  -63.925  -45.606  -45.363  -45.208  -37.494  -37.486  -37.468
  -28.402  -28.343  -28.317  -28.249  -28.239  -28.174   -7.854   -7.327   -6.984   -6.733
   -6.671   -6.324   -6.167   -6.055    3.810    4.276    4.363    4.697    4.881    5.179
    5.235    5.619    5.794    6.279    6.348    6.519    6.747    7.151    7.301    7.464
    7.581    7.799    7.928    8.102    8.215    8.409    8.506    8.750    8.989    9.154
    9.300    9.687    9.883   10.580   10.734   13.531   13.957   14.046   14.534   14.671
   14.952   15.693   16.233   16.710   17.896   18.322   18.587   19.170   20.167   20.471
   21.292   21.773   22.661   22.896   23.257   23.743   24.291   24.590   24.852   25.607
            0.350011  0.409098  0.004260
  -82.060  -68.433  -63.939  -63.925  -45.606  -45.363  -45.208  -37.494  -37.486  -37.468
  -28.402  -28.343  -28.317  -28.250  -28.239  -28.174   -7.839   -7.316   -6.999   -6.740
   -6.664   -6.318   -6.178   -6.063    3.763    4.283    4.359    4.678    4.916    5.198
    5.248    5.650    5.849    6.224    6.388    6.527    6.752    7.149    7.280    7.413
    7.509    7.856    7.944    8.104    8.220    8.397    8.528    8.747    8.988    9.150
    9.309    9.687    9.903   10.541   10.718   13.543   13.968   14.033   14.506   14.660
   14.987   15.686   16.237   16.697   17.845   18.354   18.634   19.264   20.214   20.517
   21.222   21.668   22.620   22.884   23.212   23.820   24.221   24.603   24.875   25.630
            0.375012  0.409098  0.004564
  -82.060  -68.433  -63.939  -63.925  -45.606  -45.363  -45.208  -37.494  -37.486  -37.468
  -28.402  -28.343  -28.317  -28.250  -28.239  -28.174   -7.824   -7.306   -7.013   -6.746
   -6.658   -6.313   -6.191   -6.069    3.722    4.284    4.365    4.653    4.950    5.177
    5.307    5.678    5.905    6.153    6.449    6.535    6.755    7.129    7.255    7.347
    7.465    7.888    7.982    8.079    8.228    8.394    8.562    8.748    8.981    9.147
    9.326    9.682    9.920   10.505   10.701   13.552   13.979   14.021   14.480   14.650
   15.018   15.679   16.244   16.684   17.801   18.383   18.677   19.348   20.258   20.572
   21.158   21.562   22.581   22.876   23.163   23.903   24.168   24.610   24.893   25.569
            0.400013  0.409098  0.004869
  -82.060  -68.433  -63.939  -63.925  -45.606  -45.363  -45.208  -37.494  -37.486  -37.468
  -28.402  -28.343  -28.317  -28.250  -28.239  -28.174   -7.811   -7.297   -7.026   -6.751
   -6.653   -6.308   -6.205   -6.072    3.688    4.280    4.380    4.624    4.980    5.157
    5.373    5.704    5.938    6.110    6.509    6.544    6.756    7.094    7.191    7.316
    7.439    7.902    8.017    8.058    8.232    8.398    8.598    8.756    8.969    9.143
    9.349    9.671    9.934   10.475   10.684   13.559   13.989   14.012   14.457   14.641
   15.044   15.674   16.251   16.671   17.764   18.407   18.715   19.420   20.299   20.634
   21.101   21.457   22.547   22.871   23.113   23.977   24.145   24.612   24.907   25.448
            0.425014  0.409098  0.005173
  -82.060  -68.433  -63.940  -63.925  -45.606  -45.363  -45.208  -37.494  -37.486  -37.468
  -28.402  -28.343  -28.317  -28.250  -28.239  -28.174   -7.801   -7.289   -7.037   -6.755
   -6.648   -6.304   -6.217   -6.074    3.662    4.275    4.402    4.591    5.005    5.141
    5.443    5.725    5.907    6.130    6.553    6.565    6.757    7.052    7.100    7.315
    7.426    7.909    7.992    8.092    8.235    8.401    8.631    8.774    8.950    9.139
    9.377    9.655    9.946   10.450   10.669   13.564   13.996   14.007   14.438   14.633
   15.065   15.669   16.259   16.659   17.735   18.427   18.745   19.478   20.336   20.703
   21.052   21.353   22.519   22.871   23.066   24.010   24.179   24.610   24.917   25.316
            0.450015  0.409098  0.005477
  -82.060  -68.433  -63.940  -63.925  -45.606  -45.363  -45.208  -37.494  -37.486  -37.468
  -28.402  -28.343  -28.318  -28.250  -28.239  -28.174   -7.794   -7.282   -7.046   -6.758
   -6.645   -6.301   -6.226   -6.075    3.643    4.270    4.428    4.557    5.025    5.128
    5.514    5.742    5.840    6.182    6.562    6.609    6.762    7.011    7.016    7.317
    7.423    7.911    7.960    8.127    8.238    8.402    8.655    8.799    8.927    9.136
    9.406    9.636    9.955   10.432   10.657   13.567   13.995   14.010   14.424   14.628
   15.081   15.665   16.265   16.649   17.715   18.441   18.768   19.520   20.366   20.775
   21.016   21.255   22.499   22.875   23.026   24.008   24.255   24.605   24.921   25.196
            0.475016  0.409098  0.005782
  -82.060  -68.433  -63.940  -63.925  -45.606  -45.363  -45.208  -37.494  -37.486  -37.468
  -28.402  -28.342  -28.318  -28.250  -28.239  -28.174   -7.789   -7.278   -7.051   -6.760
   -6.643   -6.299   -6.232   -6.075    3.631    4.267    4.457    4.523    5.038    5.119
    5.585    5.747    5.773    6.226    6.570    6.636    6.772    6.949    6.982    7.316
    7.425    7.912    7.938    8.150    8.240    8.401    8.670    8.828    8.902    9.133
    9.428    9.620    9.960   10.421   10.649   13.568   13.993   14.014   14.415   14.624
   15.090   15.663   16.269   16.643   17.702   18.450   18.782   19.545   20.386   20.840
   20.995   21.171   22.486   22.881   22.997   24.001   24.326   24.599   24.919   25.112
            0.500016  0.409098  0.006086
  -82.060  -68.433  -63.940  -63.925  -45.606  -45.363  -45.208  -37.494  -37.486  -37.468
  -28.402  -28.342  -28.318  -28.250  -28.239  -28.174   -7.787   -7.277   -7.053   -6.761
   -6.642   -6.298   -6.234   -6.075    3.628    4.266    4.485    4.493    5.043    5.116
    5.632    5.716    5.761    6.243    6.573    6.644    6.779    6.923    6.970    7.315
    7.427    7.912    7.930    8.158    8.241    8.401    8.675    8.846    8.885    9.132
    9.437    9.613    9.962   10.417   10.646   13.569   13.992   14.016   14.412   14.623
   15.093   15.663   16.271   16.641   17.698   18.453   18.787   19.554   20.394   20.869
   20.992   21.131   22.482   22.885   22.985   23.998   24.356   24.595   24.915   25.082
            0.475016  0.388643  0.005782
  -82.060  -68.433  -63.940  -63.925  -45.606  -45.363  -45.208  -37.494  -37.486  -37.468
  -28.403  -28.343  -28.318  -28.250  -28.239  -28.174   -7.790   -7.277   -7.051   -6.760
   -6.642   -6.299   -6.234   -6.075    3.633    4.265    4.459    4.525    5.039    5.118
    5.564    5.735    5.798    6.224    6.562    6.630    6.784    6.939    7.000    7.317
    7.423    7.906    7.938    8.149    8.242    8.406    8.665    8.828    8.906    9.133
    9.428    9.621    9.960   10.424   10.651   13.569   13.990   14.014   14.416   14.622
   15.091   15.663   16.270   16.643   17.706   18.446   18.782   19.541   20.373   20.836
   21.001   21.183   22.480   22.879   22.997   23.997   24.334   24.578   24.926   25.109
            0.450015  0.368188  0.005477
  -82.060  -68.433  -63.939  -63.925  -45.606  -45.363  -45.208  -37.494  -37.486  -37.468
  -28.403  -28.343  -28.318  -28.250  -28.239  -28.174   -7.798   -7.278   -7.045   -6.757
   -6.642   -6.300   -6.233   -6.074    3.650    4.263    4.434    4.566    5.029    5.126
    5.459    5.737    5.863    6.179    6.531    6.609    6.788    6.981    7.077    7.323
    7.417    7.891    7.960    8.120    8.244    8.420    8.639    8.805    8.936    9.138
    9.406    9.637    9.955   10.441   10.664   13.569   13.987   14.007   14.430   14.618
   15.083   15.664   16.268   16.648   17.731   18.425   18.770   19.502   20.317   20.795
   21.005   21.299   22.478   22.870   23.023   23.989   24.293   24.540   24.928   25.194
            0.425014  0.347733  0.005173
  -82.060  -68.433  -63.939  -63.925  -45.606  -45.363  -45.208  -37.494  -37.486  -37.468
  -28.403  -28.343  -28.317  -28.250  -28.239  -28.174   -7.811   -7.278   -7.036   -6.753
   -6.642   -6.301   -6.231   -6.072    3.678    4.259    4.413    4.609    5.013    5.136
    5.349    5.734    5.897    6.140    6.493    6.590    6.785    7.046    7.160    7.339
    7.414    7.873    7.987    8.073    8.247    8.442    8.611    8.785    8.961    9.142
    9.385    9.651    9.947   10.464   10.687   13.568   13.979   13.999   14.449   14.613
   15.071   15.665   16.264   16.656   17.771   18.390   18.750   19.438   20.241   20.776
   21.003   21.434   22.477   22.864   23.050   23.970   24.263   24.501   24.912   25.304
            0.400013  0.327278  0.004869
  -82.060  -68.433  -63.939  -63.925  -45.606  -45.363  -45.208  -37.494  -37.486  -37.468
  -28.403  -28.343  -28.317  -28.250  -28.239  -28.174   -7.831   -7.276   -7.026   -6.747
   -6.642   -6.304   -6.228   -6.069    3.715    4.256    4.394    4.653    4.994    5.145
    5.248    5.724    5.880    6.138    6.457    6.568    6.777    7.131    7.204    7.365
    7.441    7.859    7.982    8.040    8.252    8.464    8.595    8.765    8.978    9.141
    9.372    9.660    9.937   10.487   10.721   13.568   13.966   13.993   14.468   14.610
   15.057   15.668   16.260   16.666   17.823   18.341   18.724   19.352   20.162   20.778
   20.998   21.567   22.482   22.863   23.068   23.943   24.244   24.486   24.888   25.388
            0.375012  0.306823  0.004564
  -82.060  -68.433  -63.939  -63.925  -45.606  -45.363  -45.208  -37.494  -37.486  -37.468
  -28.403  -28.343  -28.317  -28.249  -28.239  -28.174   -7.858   -7.269   -7.014   -6.740
   -6.641   -6.307   -6.225   -6.066    3.760    4.254    4.374    4.692    4.970    5.107
    5.206    5.700    5.840    6.161    6.425    6.544    6.768    7.192    7.240    7.373
    7.520    7.851    7.916    8.058    8.259    8.481    8.601    8.744    8.987    9.134
    9.370    9.662    9.923   10.505   10.763   13.567   13.948   13.989   14.481   14.612
   15.043   15.671   16.257   16.677   17.882   18.282   18.691   19.254   20.091   20.794
   20.990   21.686   22.498   22.865   23.079   23.920   24.213   24.517   24.864   25.404
            0.350011  0.286368  0.004260
  -82.060  -68.433  -63.939  -63.925  -45.606  -45.363  -45.208  -37.494  -37.486  -37.468
  -28.403  -28.343  -28.317  -28.249  -28.238  -28.174   -7.890   -7.256   -7.001   -6.733
   -6.641   -6.311   -6.221   -6.063    3.809    4.253    4.351    4.721    4.932    5.033
    5.231    5.660    5.810    6.184    6.400    6.520    6.760    7.170    7.321    7.388
    7.608    7.816    7.888    8.078    8.266    8.491    8.629    8.720    8.986    9.125
    9.376    9.659    9.907   10.518   10.809   13.566   13.927   13.987   14.481   14.625
   15.031   15.677   16.255   16.687   17.938   18.217   18.648   19.160   20.028   20.822
   20.982   21.782   22.528   22.868   23.089   23.900   24.178   24.586   24.851   25.347
            0.325011  0.265913  0.003956
  -82.060  -68.433  -63.939  -63.925  -45.606  -45.363  -45.208  -37.494  -37.486  -37.468
  -28.403  -28.344  -28.317  -28.249  -28.238  -28.174   -7.928   -7.238   -6.988   -6.725
   -6.639   -6.316   -6.216   -6.060    3.860    4.251    4.327    4.734    4.864    4.994
    5.274    5.616    5.794    6.195    6.381    6.502    6.753    7.126    7.338    7.465
    7.672    7.769    7.911    8.100    8.272    8.502    8.669    8.697    8.972    9.120
    9.386    9.651    9.888   10.526   10.853   13.566   13.904   13.986   14.470   14.643
   15.022   15.684   16.255   16.696   17.975   18.151   18.600   19.087   19.973   20.858
   20.974   21.849   22.571   22.869   23.110   23.866   24.161   24.656   24.871   25.249
            0.300010  0.245459  0.003652
  -82.060  -68.433  -63.939  -63.925  -45.606  -45.363  -45.208  -37.494  -37.486  -37.468
  -28.403  -28.344  -28.317  -28.249  -28.238  -28.174   -7.970   -7.216   -6.975   -6.718
   -6.637   -6.322   -6.210   -6.056    3.908    4.239    4.312    4.724    4.787    4.986
    5.324    5.582    5.785    6.196    6.363    6.491    6.746    7.068    7.338    7.536
    7.692    7.783    7.941    8.134    8.272    8.519    8.660    8.723    8.946    9.124
    9.396    9.641    9.867   10.530   10.890   13.566   13.878   13.986   14.452   14.662
   15.019   15.694   16.258   16.701   17.968   18.088   18.564   19.045   19.923   20.901
   20.969   21.890   22.618   22.871   23.151   23.810   24.173   24.693   24.945   25.136
            0.275009  0.225004  0.003347
  -82.060  -68.433  -63.939  -63.925  -45.606  -45.363  -45.208  -37.494  -37.486  -37.468
  -28.403  -28.344  -28.317  -28.249  -28.238  -28.173   -8.015   -7.190   -6.961   -6.712
   -6.634   -6.329   -6.203   -6.052    3.945    4.207    4.316    4.668    4.746    4.993
    5.369    5.569    5.784    6.191    6.344    6.481    6.738    7.009    7.341    7.553
    7.727    7.827    7.960    8.188    8.266    8.540    8.630    8.769    8.914    9.134
    9.406    9.629    9.845   10.529   10.917   13.569   13.851   13.986   14.430   14.679
   15.019   15.706   16.264   16.704   17.903   18.026   18.560   19.035   19.876   20.947
   20.974   21.910   22.660   22.877   23.210   23.739   24.210   24.707   24.988   25.088
            0.250008  0.204549  0.003043
  -82.060  -68.433  -63.939  -63.925  -45.606  -45.363  -45.208  -37.494  -37.486  -37.468
  -28.403  -28.345  -28.317  -28.248  -28.237  -28.173   -8.062   -7.161   -6.946   -6.708
   -6.630   -6.336   -6.197   -6.047    3.966    4.167    4.327    4.599    4.721    5.012
    5.395    5.575    5.799    6.186    6.325    6.460    6.732    6.966    7.348    7.543
    7.768    7.874    7.973    8.244    8.267    8.552    8.611    8.808    8.882    9.151
    9.415    9.618    9.824   10.525   10.933   13.572   13.825   13.986   14.406   14.694
   15.023   15.720   16.272   16.703   17.784   17.975   18.583   19.055   19.832   20.969
   21.015   21.918   22.691   22.885   23.273   23.674   24.260   24.720   24.886   25.188
            0.225007  0.184094  0.002739
  -82.060  -68.433  -63.939  -63.925  -45.606  -45.363  -45.208  -37.494  -37.486  -37.468
  -28.403  -28.345  -28.316  -28.248  -28.237  -28.173   -8.108   -7.132   -6.930   -6.706
   -6.624   -6.345   -6.193   -6.041    3.966    4.129    4.331    4.549    4.695    5.042
    5.406    5.581    5.842    6.183    6.309    6.425    6.732    6.946    7.359    7.532
    7.793    7.897    8.001    8.240    8.323    8.537    8.617    8.824    8.871    9.175
    9.423    9.610    9.805   10.515   10.937   13.576   13.803   13.987   14.380   14.706
   15.026   15.736   16.284   16.698   17.632   17.939   18.615   19.097   19.791   20.987
   21.075   21.919   22.709   22.894   23.310   23.649   24.318   24.721   24.800   25.241
            0.200007  0.163639  0.002434
  -82.060  -68.433  -63.939  -63.925  -45.606  -45.363  -45.208  -37.494  -37.486  -37.468
  -28.403  -28.345  -28.316  -28.248  -28.237  -28.173   -8.152   -7.105   -6.911   -6.706
   -6.618   -6.354   -6.190   -6.033    3.942    4.099    4.321    4.526    4.667    5.078
    5.414    5.569    5.908    6.179    6.294    6.391    6.740    6.948    7.371    7.525
    7.799    7.893    8.038    8.230    8.370    8.518    8.622    8.815    8.894    9.204
    9.424    9.611    9.791   10.499   10.930   13.576   13.788   13.988   14.353   14.718
   15.027   15.754   16.297   16.691   17.467   17.917   18.647   19.152   19.750   21.015
   21.141   21.920   22.707   22.903   23.296   23.681   24.381   24.661   24.801   25.202
            0.175006  0.143184  0.002130
  -82.060  -68.433  -63.939  -63.925  -45.606  -45.363  -45.208  -37.494  -37.486  -37.468
  -28.404  -28.346  -28.316  -28.248  -28.236  -28.173   -8.194   -7.081   -6.889   -6.708
   -6.612   -6.364   -6.189   -6.022    3.902    4.071    4.306    4.517    4.644    5.111
    5.429    5.544    5.975    6.174    6.277    6.390    6.754    6.963    7.384    7.520
    7.784    7.886    8.063    8.222    8.394    8.505    8.610    8.825    8.925    9.239
    9.413    9.626    9.781   10.476   10.918   13.570   13.785   13.990   14.326   14.730
   15.024   15.772   16.312   16.681   17.300   17.907   18.680   19.211   19.709   21.058
   21.211   21.923   22.677   22.914   23.258   23.737   24.449   24.597   24.839   25.120
            0.150005  0.122729  0.001826
  -82.060  -68.433  -63.939  -63.925  -45.606  -45.363  -45.208  -37.494  -37.486  -37.468
  -28.404  -28.346  -28.316  -28.248  -28.236  -28.173   -8.233   -7.061   -6.862   -6.710
   -6.605   -6.375   -6.190   -6.010    3.856    4.041    4.297    4.507    4.630    5.130
    5.447    5.523    6.023    6.164    6.268    6.435    6.772    6.986    7.393    7.515
    7.749    7.881    8.071    8.212    8.408    8.481    8.593    8.850    8.964    9.276
    9.388    9.654    9.776   10.444   10.903   13.557   13.796   13.993   14.298   14.741
   15.018   15.789   16.329   16.669   17.140   17.906   18.716   19.263   19.668   21.113
   21.284   21.931   22.618   22.930   23.221   23.778   24.511   24.575   24.885   25.031
            0.125004  0.102274  0.001521
  -82.060  -68.433  -63.939  -63.925  -45.606  -45.363  -45.208  -37.494  -37.486  -37.468
  -28.404  -28.346  -28.316  -28.247  -28.236  -28.173   -8.266   -7.047   -6.834   -6.714
   -6.599   -6.387   -6.193   -5.998    3.811    4.009    4.297    4.487    4.628    5.130
    5.435    5.541    6.048    6.155    6.278    6.512    6.794    7.011    7.394    7.506
    7.705    7.876    8.059    8.201    8.424    8.446    8.581    8.877    9.013    9.306
    9.358    9.688    9.777   10.404   10.888   13.540   13.818   13.995   14.269   14.752
   15.008   15.805   16.346   16.657   16.994   17.910   18.756   19.305   19.627   21.180
   21.360   21.942   22.536   22.945   23.195   23.785   24.529   24.635   24.907   24.976
            0.100003  0.081820  0.001217
  -82.060  -68.433  -63.939  -63.925  -45.606  -45.363  -45.208  -37.494  -37.486  -37.468
  -28.404  -28.346  -28.316  -28.247  -28.236  -28.173   -8.295   -7.036   -6.804   -6.717
   -6.594   -6.401   -6.196   -5.985    3.771    3.979    4.305    4.464    4.631    5.113
    5.405    5.584    6.063    6.148    6.304    6.603    6.823    7.036    7.373    7.501
    7.666    7.868    8.020    8.198    8.417    8.443    8.566    8.902    9.065    9.291
    9.363    9.719    9.789   10.357   10.877   13.522   13.846   13.999   14.240   14.760
   14.997   15.818   16.363   16.645   16.867   17.917   18.800   19.333   19.586   21.251
   21.441   21.956   22.441   22.955   23.181   23.763   24.544   24.719   24.847   25.020
            0.075002  0.061365  0.000913
  -82.060  -68.433  -63.939  -63.925  -45.606  -45.363  -45.208  -37.494  -37.486  -37.468
  -28.404  -28.347  -28.316  -28.247  -28.235  -28.172   -8.318   -7.029   -6.775   -6.719
   -6.591   -6.414   -6.199   -5.975    3.738    3.953    4.316    4.443    4.636    5.085
    5.379    5.624    6.076    6.144    6.342    6.679    6.867    7.057    7.325    7.506
    7.637    7.858    7.957    8.203    8.406    8.462    8.548    8.927    9.108    9.252
    9.386    9.737    9.815   10.307   10.870   13.506   13.878   14.002   14.212   14.767
   14.987   15.828   16.377   16.635   16.764   17.925   18.847   19.345   19.550   21.318
   21.527   21.968   22.343   22.956   23.176   23.728   24.566   24.771   24.807   25.087
            0.050002  0.040910  0.000609
  -82.060  -68.433  -63.939  -63.925  -45.606  -45.363  -45.208  -37.494  -37.486  -37.468
  -28.404  -28.347  -28.315  -28.247  -28.235  -28.172   -8.334   -7.024   -6.752   -6.721
   -6.589   -6.426   -6.202   -5.967    3.713    3.935    4.326    4.426    4.640    5.056
    5.361    5.653    6.089    6.142    6.387    6.725    6.930    7.071    7.269    7.518
    7.615    7.848    7.888    8.210    8.412    8.477    8.528    8.953    9.120    9.233
    9.402    9.746    9.848   10.260   10.865   13.493   13.908   14.004   14.187   14.770
   14.979   15.836   16.389   16.626   16.688   17.931   18.891   19.341   19.525   21.371
   21.614   21.973   22.254   22.950   23.176   23.693   24.586   24.733   24.850   25.156
            0.025001  0.020455  0.000304
  -82.060  -68.433  -63.939  -63.925  -45.606  -45.363  -45.208  -37.494  -37.486  -37.468
  -28.404  -28.347  -28.315  -28.247  -28.235  -28.172   -8.345   -7.022   -6.739   -6.719
   -6.587   -6.435   -6.203   -5.961    3.697    3.923    4.334    4.416    4.643    5.034
    5.350    5.669    6.098    6.141    6.427    6.744    6.991    7.068    7.230    7.532
    7.595    7.832    7.841    8.213    8.429    8.480    8.514    8.983    9.093    9.243
    9.408    9.751    9.874   10.226   10.863   13.486   13.931   14.006   14.168   14.772
   14.974   15.840   16.396   16.619   16.644   17.935   18.925   19.330   19.512   21.406
   21.690   21.966   22.188   22.944   23.179   23.668   24.599   24.706   24.878   25.209
            0.000000  0.000000  0.000000
  -82.060  -68.433  -63.939  -63.925  -45.606  -45.363  -45.208  -37.494  -37.486  -37.468
  -28.404  -28.347  -28.315  -28.247  -28.235  -28.172   -8.348   -7.021   -6.735   -6.717
   -6.587   -6.438   -6.204   -5.960    3.692    3.919    4.336    4.412    4.644    5.026
    5.347    5.674    6.101    6.141    6.444    6.750    7.027    7.050    7.219    7.541
    7.585    7.812    7.837    8.215    8.442    8.473    8.512    9.001    9.071    9.251
    9.410    9.753    9.885   10.213   10.863   13.483   13.939   14.007   14.160   14.772
   14.972   15.841   16.398   16.615   16.631   17.936   18.937   19.324   19.508   21.418
   21.725   21.957   22.165   22.941   23.181   23.659   24.603   24.697   24.887   25.229
            0.000057  0.000000  0.023249
  -82.060  -68.433  -63.939  -63.925  -45.606  -45.363  -45.208  -37.494  -37.486  -37.468
  -28.404  -28.347  -28.315  -28.248  -28.235  -28.172   -8.346   -7.022   -6.740   -6.715
   -6.586   -6.438   -6.204   -5.960    3.695    3.923    4.336    4.415    4.628    5.039
    5.353    5.665    6.046    6.175    6.467    6.752    7.022    7.056    7.215    7.542
    7.580    7.797    7.854    8.205    8.443    8.474    8.518    8.997    9.068    9.252
    9.411    9.746    9.880   10.225   10.863   13.486   13.936   14.008   14.160   14.771
   14.970   15.841   16.395   16.617   16.637   17.936   18.918   19.345   19.508   21.420
   21.721   21.945   22.163   22.941   23.196   23.657   24.581   24.697   24.911   25.226
            0.000114  0.000000  0.046498
  -82.060  -68.433  -63.939  -63.925  -45.606  -45.363  -45.208  -37.494  -37.486  -37.468
  -28.404  -28.348  -28.315  -28.249  -28.234  -28.172   -8.339   -7.024   -6.752   -6.713
   -6.582   -6.437   -6.204   -5.962    3.704    3.933    4.336    4.424    4.586    5.069
    5.372    5.637    5.976    6.197    6.524    6.760    7.013    7.067    7.204    7.535
    7.575    7.776    7.882    8.182    8.442    8.469    8.545    8.987    9.060    9.256
    9.416    9.728    9.869   10.259   10.863   13.495   13.927   14.011   14.158   14.766
   14.963   15.841   16.386   16.619   16.663   17.936   18.869   19.398   19.510   21.428
   21.709   21.913   22.158   22.943   23.239   23.649   24.530   24.695   24.971   25.218
            0.000171  0.000000  0.069747
  -82.060  -68.433  -63.939  -63.925  -45.606  -45.363  -45.208  -37.494  -37.486  -37.468
  -28.404  -28.348  -28.314  -28.250  -28.232  -28.172   -8.327   -7.027   -6.766   -6.715
   -6.575   -6.436   -6.203   -5.965    3.717    3.950    4.336    4.438    4.533    5.100
    5.408    5.582    5.925    6.200    6.579    6.783    7.011    7.080    7.188    7.508
    7.576    7.759    7.914    8.152    8.435    8.455    8.587    8.969    9.047    9.262
    9.424    9.702    9.856   10.307   10.864   13.510   13.915   14.015   14.154   14.759
   14.951   15.841   16.372   16.619   16.708   17.937   18.806   19.466   19.512   21.437
   21.683   21.873   22.152   22.946   23.306   23.638   24.467   24.689   25.045   25.210
            0.000227  0.000000  0.092996
  -82.060  -68.433  -63.939  -63.926  -45.606  -45.363  -45.208  -37.494  -37.486  -37.468
  -28.404  -28.350  -28.314  -28.252  -28.230  -28.172   -8.311   -7.032   -6.782   -6.722
   -6.565   -6.435   -6.202   -5.970    3.736    3.970    4.337    4.453    4.483    5.121
    5.453    5.510    5.899    6.194    6.607    6.818    7.029    7.093    7.172    7.469
    7.569    7.752    7.948    8.121    8.414    8.447    8.636    8.944    9.030    9.271
    9.432    9.675    9.841   10.362   10.866   13.530   13.901   14.017   14.150   14.749
   14.935   15.841   16.353   16.617   16.770   17.937   18.738   19.514   19.542   21.443
   21.638   21.840   22.146   22.951   23.391   23.625   24.400   24.673   25.117   25.213
            0.000284  0.000000  0.116245
  -82.060  -68.433  -63.939  -63.926  -45.606  -45.363  -45.208  -37.494  -37.486  -37.468
  -28.403  -28.351  -28.313  -28.254  -28.228  -28.172   -8.290   -7.038   -6.799   -6.734
   -6.553   -6.433   -6.200   -5.975    3.759    3.992    4.340    4.426    4.486    5.128
    5.398    5.537    5.891    6.180    6.612    6.841    7.081    7.107    7.155    7.426
    7.545    7.758    7.983    8.091    8.381    8.444    8.686    8.912    9.010    9.280
    9.441    9.649    9.826   10.421   10.868   13.555   13.886   14.018   14.145   14.737
   14.915   15.840   16.331   16.614   16.847   17.937   18.671   19.519   19.617   21.429
   21.587   21.820   22.146   22.958   23.485   23.616   24.332   24.646   25.161   25.252
            0.000341  0.000000  0.139493
  -82.060  -68.433  -63.939  -63.926  -45.606  -45.363  -45.208  -37.494  -37.486  -37.468
  -28.403  -28.353  -28.312  -28.256  -28.226  -28.172   -8.265   -7.044   -6.818   -6.751
   -6.539   -6.430   -6.198   -5.982    3.786    4.009    4.346    4.394    4.512    5.125
    5.300    5.611    5.891    6.161    6.605    6.842    7.113    7.127    7.179    7.387
    7.506    7.771    8.013    8.068    8.344    8.443    8.732    8.876    8.989    9.290
    9.448    9.629    9.812   10.480   10.870   13.584   13.872   14.018   14.140   14.721
   14.891   15.840   16.307   16.610   16.939   17.937   18.606   19.523   19.691   21.368
   21.558   21.808   22.156   22.967   23.552   23.646   24.263   24.604   25.180   25.322
            0.000398  0.000000  0.162742
  -82.060  -68.433  -63.939  -63.926  -45.606  -45.363  -45.208  -37.494  -37.486  -37.468
  -28.403  -28.355  -28.311  -28.258  -28.224  -28.171   -8.236   -7.051   -6.841   -6.772
   -6.523   -6.427   -6.195   -5.989    3.816    4.014    4.353    4.385    4.544    5.105
    5.210    5.686    5.895    6.140    6.593    6.834    7.106    7.124    7.262    7.364
    7.459    7.782    8.014    8.074    8.308    8.444    8.765    8.842    8.971    9.298
    9.455    9.615    9.798   10.538   10.874   13.616   13.860   14.014   14.135   14.702
   14.863   15.839   16.281   16.603   17.042   17.937   18.545   19.529   19.761   21.266
   21.549   21.803   22.183   22.977   23.554   23.750   24.193   24.548   25.198   25.394
            0.000455  0.000000  0.185991
  -82.060  -68.433  -63.939  -63.926  -45.606  -45.363  -45.208  -37.494  -37.486  -37.468
  -28.402  -28.357  -28.310  -28.261  -28.222  -28.171   -8.202   -7.058   -6.869   -6.793
   -6.505   -6.424   -6.192   -5.997    3.848    4.005    4.355    4.409    4.580    5.051
    5.154    5.756    5.897    6.119    6.582    6.824    7.078    7.127    7.299    7.374
    7.435    7.788    7.994    8.099    8.274    8.448    8.758    8.833    8.959    9.304
    9.462    9.607    9.786   10.593   10.879   13.650   13.852   14.009   14.130   14.680
   14.833   15.837   16.254   16.595   17.156   17.937   18.489   19.535   19.825   21.146
   21.539   21.800   22.230   22.990   23.542   23.875   24.125   24.479   25.215   25.461
            0.000512  0.000000  0.209240
  -82.060  -68.433  -63.939  -63.926  -45.606  -45.363  -45.208  -37.494  -37.486  -37.468
  -28.402  -28.359  -28.308  -28.263  -28.220  -28.171   -8.164   -7.065   -6.903   -6.812
   -6.487   -6.421   -6.188   -6.005    3.880    3.982    4.361    4.457    4.618    4.971
    5.128    5.811    5.893    6.104    6.576    6.815    7.046    7.125    7.297    7.328
    7.506    7.786    7.974    8.121    8.249    8.457    8.717    8.841    8.959    9.306
    9.467    9.605    9.776   10.645   10.886   13.685   13.848   14.001   14.126   14.653
   14.801   15.836   16.228   16.585   17.278   17.937   18.439   19.541   19.884   21.015
   21.522   21.798   22.299   23.005   23.529   23.994   24.073   24.401   25.226   25.519
            0.000569  0.000000  0.232489
  -82.060  -68.433  -63.938  -63.926  -45.606  -45.363  -45.208  -37.494  -37.486  -37.468
  -28.401  -28.361  -28.307  -28.265  -28.218  -28.170   -8.123   -7.072   -6.943   -6.830
   -6.469   -6.418   -6.183   -6.014    3.912    3.955    4.369    4.520    4.658    4.894
    5.112    5.829    5.896    6.097    6.577    6.808    7.014    7.118    7.239    7.326
    7.583    7.777    7.959    8.133    8.235    8.469    8.668    8.843    8.971    9.302
    9.474    9.608    9.767   10.691   10.895   13.717   13.853   13.991   14.122   14.622
   14.769   15.835   16.202   16.574   17.407   17.937   18.394   19.548   19.935   20.879
   21.500   21.795   22.390   23.023   23.518   23.971   24.170   24.317   25.222   25.569
            0.000625  0.000000  0.255738
  -82.060  -68.433  -63.938  -63.926  -45.606  -45.363  -45.208  -37.494  -37.486  -37.468
  -28.400  -28.363  -28.305  -28.267  -28.216  -28.170   -8.078   -7.079   -6.989   -6.845
   -6.450   -6.415   -6.179   -6.023    3.923    3.943    4.381    4.589    4.690    4.840
    5.099    5.802    5.911    6.099    6.585    6.804    6.988    7.108    7.159    7.348
    7.637    7.767    7.953    8.135    8.237    8.481    8.618    8.841    8.989    9.295
    9.481    9.614    9.759   10.732   10.906   13.745   13.865   13.980   14.119   14.586
   14.738   15.834   16.178   16.561   17.540   17.938   18.357   19.553   19.979   20.741
   21.477   21.791   22.497   23.043   23.509   23.905   24.228   24.317   25.194   25.612
            0.000682  0.000000  0.278987
  -82.060  -68.433  -63.938  -63.927  -45.606  -45.363  -45.208  -37.494  -37.486  -37.468
  -28.400  -28.366  -28.304  -28.269  -28.214  -28.170   -8.029   -7.087   -7.039   -6.858
   -6.432   -6.411   -6.175   -6.032    3.897    3.966    4.395    4.642    4.703    4.842
    5.090    5.754    5.911    6.108    6.596    6.804    6.971    7.075    7.097    7.377
    7.652    7.768    7.956    8.129    8.252    8.485    8.575    8.840    9.007    9.286
    9.489    9.622    9.753   10.765   10.921   13.769   13.887   13.969   14.115   14.545
   14.710   15.834   16.155   16.547   17.672   17.941   18.328   19.557   20.014   20.604
   21.455   21.783   22.618   23.066   23.503   23.838   24.138   24.471   25.138   25.648
            0.000739  0.000000  0.302236
  -82.060  -68.433  -63.938  -63.927  -45.606  -45.363  -45.208  -37.494  -37.486  -37.468
  -28.399  -28.368  -28.302  -28.271  -28.212  -28.170   -7.977   -7.108   -7.079   -6.869
   -6.418   -6.405   -6.171   -6.041    3.874    3.982    4.411    4.630    4.744    4.898
    5.088    5.698    5.892    6.119    6.600    6.806    6.965    6.996    7.089    7.411
    7.634    7.775    7.964    8.121    8.276    8.468    8.552    8.840    9.023    9.279
    9.498    9.626    9.751   10.791   10.938   13.791   13.913   13.957   14.112   14.499
   14.684   15.833   16.135   16.533   17.794   17.952   18.312   19.555   20.040   20.471
   21.439   21.773   22.746   23.094   23.500   23.774   24.049   24.629   25.055   25.680
            0.000796  0.000000  0.325485
  -82.060  -68.433  -63.938  -63.927  -45.606  -45.363  -45.208  -37.494  -37.486  -37.468
  -28.398  -28.370  -28.300  -28.274  -28.211  -28.170   -7.923   -7.161   -7.091   -6.878
   -6.413   -6.391   -6.168   -6.049    3.856    3.988    4.430    4.601    4.791    4.980
    5.096    5.640    5.858    6.129    6.587    6.804    6.931    6.970    7.087    7.448
    7.605    7.778    7.968    8.114    8.300    8.436    8.552    8.842    9.036    9.275
    9.506    9.626    9.752   10.810   10.958   13.812   13.938   13.951   14.110   14.451
   14.661   15.833   16.117   16.519   17.875   17.989   18.317   19.545   20.054   20.349
   21.430   21.759   22.875   23.131   23.502   23.714   23.962   24.790   24.950   25.706
            0.000853  0.000000  0.348734
  -82.060  -68.433  -63.938  -63.927  -45.606  -45.363  -45.208  -37.494  -37.486  -37.468
  -28.397  -28.373  -28.299  -28.276  -28.210  -28.169   -7.865   -7.222   -7.096   -6.887
   -6.411   -6.375   -6.167   -6.056    3.844    3.983    4.450    4.579    4.829    5.070
    5.119    5.584    5.812    6.133    6.549    6.795    6.897    6.972    7.100    7.482
    7.580    7.777    7.963    8.109    8.302    8.422    8.560    8.842    9.045    9.279
    9.513    9.620    9.756   10.823   10.978   13.835   13.934   13.972   14.108   14.401
   14.640   15.833   16.101   16.505   17.902   18.050   18.360   19.520   20.053   20.249
   21.431   21.740   22.987   23.187   23.508   23.664   23.879   24.819   24.959   25.729
            0.000910  0.000000  0.371983
  -82.060  -68.433  -63.938  -63.927  -45.606  -45.363  -45.208  -37.494  -37.486  -37.468
  -28.396  -28.375  -28.297  -28.278  -28.209  -28.169   -7.805   -7.285   -7.100   -6.893
   -6.409   -6.360   -6.166   -6.062    3.838    3.969    4.469    4.567    4.858    5.135
    5.173    5.539    5.762    6.124    6.490    6.789    6.885    6.966    7.130    7.492
    7.581    7.774    7.950    8.106    8.269    8.439    8.572    8.840    9.049    9.289
    9.519    9.609    9.763   10.833   10.997   13.859   13.926   13.993   14.109   14.352
   14.623   15.833   16.088   16.493   17.909   18.086   18.453   19.473   20.033   20.183
   21.440   21.718   23.066   23.273   23.510   23.636   23.802   24.683   25.120   25.747
            0.000967  0.000000  0.395231
  -82.060  -68.433  -63.937  -63.927  -45.606  -45.363  -45.208  -37.494  -37.486  -37.468
  -28.395  -28.377  -28.295  -28.280  -28.208  -28.169   -7.744   -7.350   -7.103   -6.898
   -6.409   -6.348   -6.167   -6.066    3.838    3.949    4.486    4.563    4.882    5.179
    5.234    5.520    5.716    6.094    6.430    6.792    6.881    6.954    7.169    7.472
    7.617    7.772    7.929    8.105    8.224    8.465    8.587    8.836    9.049    9.306
    9.522    9.596    9.771   10.839   11.013   13.884   13.921   14.007   14.113   14.307
   14.609   15.834   16.078   16.483   17.912   18.098   18.578   19.397   20.004   20.150
   21.458   21.692   23.114   23.368   23.497   23.657   23.736   24.535   25.280   25.757
            0.001024  0.000000  0.418480
  -82.060  -68.433  -63.937  -63.927  -45.606  -45.363  -45.208  -37.494  -37.486  -37.468
  -28.394  -28.378  -28.294  -28.281  -28.207  -28.169   -7.680   -7.416   -7.105   -6.902
   -6.408   -6.338   -6.168   -6.069    3.843    3.926    4.498    4.564    4.903    5.219
    5.258    5.531    5.693    6.039    6.386    6.801    6.877    6.942    7.208    7.445
    7.661    7.772    7.903    8.106    8.182    8.486    8.601    8.832    9.047    9.324
    9.521    9.585    9.777   10.844   11.024   13.902   13.925   14.012   14.122   14.267
   14.598   15.834   16.071   16.475   17.913   18.101   18.715   19.296   19.980   20.133
   21.481   21.664   23.146   23.439   23.476   23.659   23.757   24.383   25.430   25.755
            0.001080  0.000000  0.441729
  -82.060  -68.433  -63.937  -63.927  -45.606  -45.363  -45.208  -37.494  -37.486  -37.468
  -28.393  -28.379  -28.293  -28.283  -28.207  -28.169   -7.615   -7.483   -7.107   -6.904
   -6.408   -6.331   -6.170   -6.071    3.853    3.906    4.505    4.565    4.919    5.237
    5.270    5.534    5.719    5.968    6.363    6.813    6.871    6.933    7.239    7.422
    7.697    7.778    7.874    8.111    8.148    8.499    8.612    8.828    9.044    9.339
    9.517    9.578    9.781   10.846   11.032   13.904   13.942   14.008   14.131   14.238
   14.592   15.834   16.066   16.470   17.914   18.100   18.849   19.182   19.968   20.125
   21.503   21.640   23.166   23.441   23.507   23.606   23.872   24.236   25.563   25.730
            0.001137  0.000000  0.464978
  -82.060  -68.433  -63.937  -63.927  -45.606  -45.363  -45.208  -37.494  -37.486  -37.468
  -28.393  -28.380  -28.292  -28.283  -28.207  -28.169   -7.550   -7.548   -7.107   -6.905
   -6.408   -6.329   -6.170   -6.071    3.859    3.896    4.508    4.565    4.925    5.235
    5.281    5.529    5.752    5.924    6.356    6.818    6.867    6.930    7.251    7.412
    7.711    7.786    7.858    8.122    8.127    8.503    8.616    8.827    9.043    9.345
    9.515    9.576    9.783   10.847   11.034   13.904   13.951   14.005   14.136   14.226
   14.590   15.834   16.065   16.468   17.914   18.100   18.931   19.107   19.965   20.122
   21.514   21.628   23.173   23.434   23.547   23.564   23.955   24.145   25.652   25.682
            0.026138  0.020455  0.465282
  -82.060  -68.433  -63.937  -63.927  -45.606  -45.363  -45.208  -37.494  -37.486  -37.468
  -28.393  -28.380  -28.292  -28.283  -28.207  -28.169   -7.552   -7.543   -7.106   -6.906
   -6.410   -6.332   -6.170   -6.071    3.861    3.902    4.503    4.567    4.921    5.237
    5.273    5.547    5.750    5.932    6.354    6.796    6.853    6.960    7.239    7.404
    7.700    7.785    7.861    8.127    8.142    8.501    8.621    8.826    9.037    9.345
    9.513    9.577    9.785   10.845   11.035   13.886   13.959   14.014   14.141   14.231
   14.588   15.833   16.067   16.469   17.910   18.099   18.935   19.113   19.955   20.132
   21.495   21.627   23.151   23.439   23.489   23.626   23.943   24.179   25.633   25.708
            0.051139  0.040910  0.465587
  -82.060  -68.433  -63.937  -63.927  -45.606  -45.363  -45.208  -37.494  -37.486  -37.468
  -28.393  -28.380  -28.292  -28.283  -28.207  -28.169   -7.550   -7.534   -7.103   -6.907
   -6.418   -6.340   -6.171   -6.070    3.869    3.920    4.486    4.575    4.910    5.233
    5.267    5.588    5.747    5.952    6.345    6.747    6.840    7.000    7.204    7.386
    7.678    7.777    7.875    8.131    8.184    8.498    8.636    8.823    9.020    9.344
    9.511    9.580    9.789   10.841   11.038   13.854   13.963   14.035   14.155   14.245
   14.585   15.827   16.076   16.472   17.899   18.095   18.942   19.138   19.932   20.155
   21.445   21.619   23.094   23.374   23.500   23.692   23.942   24.247   25.609   25.753
            0.076140  0.061365  0.465891
  -82.060  -68.433  -63.937  -63.927  -45.606  -45.363  -45.208  -37.494  -37.486  -37.468
  -28.393  -28.380  -28.292  -28.283  -28.207  -28.169   -7.546   -7.522   -7.099   -6.908
   -6.431   -6.351   -6.172   -6.068    3.884    3.947    4.460    4.589    4.895    5.213
    5.282    5.618    5.759    5.987    6.328    6.704    6.825    7.027    7.148    7.370
    7.658    7.762    7.896    8.137    8.230    8.496    8.655    8.819    9.000    9.338
    9.510    9.584    9.791   10.833   11.044   13.822   13.963   14.055   14.181   14.269
   14.579   15.819   16.090   16.477   17.888   18.086   18.935   19.192   19.908   20.183
   21.372   21.604   23.014   23.269   23.536   23.760   23.983   24.311   25.583   25.802
            0.101141  0.081820  0.466195
  -82.060  -68.433  -63.937  -63.927  -45.606  -45.363  -45.208  -37.494  -37.486  -37.468
  -28.393  -28.380  -28.292  -28.283  -28.207  -28.169   -7.538   -7.508   -7.094   -6.909
   -6.450   -6.363   -6.174   -6.066    3.904    3.981    4.427    4.608    4.879    5.189
    5.308    5.615    5.796    6.036    6.302    6.674    6.800    7.031    7.090    7.359
    7.642    7.747    7.915    8.143    8.267    8.499    8.671    8.813    8.987    9.327
    9.512    9.590    9.790   10.822   11.052   13.792   13.960   14.072   14.213   14.300
   14.571   15.808   16.109   16.483   17.878   18.074   18.907   19.276   19.889   20.211
   21.285   21.582   22.919   23.152   23.565   23.836   24.060   24.353   25.544   25.788
            0.126141  0.102274  0.466500
  -82.060  -68.433  -63.937  -63.927  -45.606  -45.363  -45.208  -37.494  -37.486  -37.468
  -28.393  -28.380  -28.292  -28.283  -28.206  -28.169   -7.528   -7.491   -7.090   -6.909
   -6.476   -6.375   -6.177   -6.064    3.927    4.020    4.391    4.630    4.866    5.166
    5.337    5.595    5.833    6.102    6.276    6.651    6.766    7.001    7.064    7.354
    7.630    7.733    7.926    8.150    8.290    8.504    8.684    8.800    8.989    9.310
    9.514    9.598    9.784   10.809   11.061   13.765   13.956   14.086   14.245   14.337
   14.564   15.794   16.134   16.490   17.872   18.062   18.863   19.382   19.881   20.240
   21.190   21.554   22.815   23.032   23.584   23.919   24.162   24.364   25.472   25.731
            0.151142  0.122729  0.466804
  -82.060  -68.433  -63.937  -63.927  -45.606  -45.363  -45.208  -37.494  -37.486  -37.468
  -28.393  -28.380  -28.292  -28.283  -28.206  -28.169   -7.516   -7.472   -7.088   -6.905
   -6.505   -6.386   -6.181   -6.063    3.951    4.062    4.359    4.650    4.857    5.144
    5.360    5.577    5.853    6.176    6.264    6.615    6.741    6.957    7.064    7.352
    7.618    7.718    7.928    8.159    8.304    8.505    8.701    8.778    9.005    9.288
    9.515    9.601    9.779   10.792   11.069   13.743   13.953   14.098   14.275   14.375
   14.559   15.779   16.163   16.499   17.865   18.055   18.808   19.501   19.884   20.268
   21.094   21.523   22.705   22.914   23.588   24.008   24.269   24.345   25.371   25.722
            0.176143  0.143184  0.467108
  -82.060  -68.433  -63.937  -63.927  -45.606  -45.363  -45.208  -37.494  -37.486  -37.468
  -28.393  -28.380  -28.293  -28.283  -28.206  -28.169   -7.502   -7.451   -7.088   -6.899
   -6.535   -6.397   -6.186   -6.063    3.970    4.106    4.334    4.664    4.852    5.124
    5.368    5.576    5.855    6.215    6.299    6.569    6.731    6.917    7.081    7.350
    7.603    7.699    7.922    8.170    8.314    8.500    8.720    8.753    9.027    9.262
    9.514    9.594    9.779   10.773   11.072   13.724   13.949   14.109   14.305   14.410
   14.558   15.761   16.196   16.507   17.851   18.057   18.753   19.626   19.901   20.297
   21.003   21.491   22.594   22.802   23.577   24.099   24.269   24.405   25.270   25.750
            0.201144  0.163639  0.467412
  -82.060  -68.433  -63.938  -63.927  -45.606  -45.363  -45.208  -37.494  -37.486  -37.468
  -28.394  -28.381  -28.293  -28.283  -28.206  -28.169   -7.489   -7.428   -7.091   -6.892
   -6.564   -6.409   -6.192   -6.064    3.982    4.147    4.325    4.666    4.843    5.110
    5.363    5.592    5.849    6.215    6.361    6.548    6.723    6.886    7.113    7.348
    7.582    7.678    7.916    8.181    8.324    8.493    8.706    8.761    9.044    9.233
    9.512    9.575    9.788   10.752   11.068   13.711   13.945   14.118   14.332   14.438
   14.563   15.743   16.230   16.516   17.828   18.067   18.709   19.744   19.935   20.330
   20.922   21.457   22.485   22.697   23.548   24.144   24.239   24.511   25.188   25.798
            0.226145  0.184094  0.467717
  -82.060  -68.433  -63.938  -63.927  -45.606  -45.363  -45.208  -37.494  -37.486  -37.468
  -28.394  -28.381  -28.293  -28.283  -28.206  -28.168   -7.476   -7.404   -7.096   -6.887
   -6.587   -6.420   -6.198   -6.067    3.987    4.179    4.335    4.659    4.819    5.106
    5.355    5.604    5.855    6.204    6.401    6.572    6.709    6.872    7.155    7.343
    7.549    7.661    7.916    8.191    8.331    8.493    8.674    8.785    9.047    9.203
    9.509    9.546    9.803   10.729   11.053   13.703   13.939   14.125   14.353   14.463
   14.575   15.724   16.265   16.526   17.796   18.073   18.690   19.834   19.999   20.370
   20.854   21.423   22.380   22.599   23.500   24.063   24.314   24.602   25.136   25.841
            0.251145  0.204549  0.468021
  -82.060  -68.433  -63.938  -63.927  -45.606  -45.363  -45.208  -37.494  -37.486  -37.468
  -28.394  -28.381  -28.293  -28.284  -28.206  -28.168   -7.465   -7.380   -7.101   -6.886
   -6.601   -6.431   -6.204   -6.071    3.985    4.198    4.365    4.641    4.781    5.108
    5.350    5.597    5.890    6.191    6.427    6.603    6.709    6.876    7.200    7.334
    7.506    7.657    7.923    8.196    8.334    8.503    8.646    8.804    9.035    9.174
    9.501    9.516    9.822   10.704   11.026   13.700   13.931   14.130   14.366   14.488
   14.593   15.705   16.298   16.535   17.759   18.066   18.708   19.887   20.091   20.421
   20.804   21.391   22.281   22.506   23.432   23.964   24.397   24.672   25.121   25.843
            0.276146  0.225004  0.468325
  -82.060  -68.433  -63.938  -63.927  -45.606  -45.363  -45.208  -37.494  -37.486  -37.468
  -28.394  -28.381  -28.293  -28.284  -28.205  -28.168   -7.455   -7.357   -7.105   -6.893
   -6.605   -6.441   -6.209   -6.078    3.982    4.210    4.402    4.612    4.741    5.105
    5.343    5.583    5.951    6.184    6.449    6.602    6.745    6.893    7.240    7.320
    7.465    7.669    7.935    8.192    8.334    8.515    8.632    8.815    9.007    9.149
    9.472    9.504    9.842   10.677   10.984   13.701   13.921   14.132   14.371   14.514
   14.613   15.687   16.328   16.544   17.718   18.044   18.763   19.917   20.187   20.491
   20.773   21.361   22.190   22.420   23.344   23.869   24.464   24.724   25.142   25.820
            0.301147  0.245459  0.468630
  -82.060  -68.433  -63.938  -63.927  -45.606  -45.363  -45.208  -37.494  -37.486  -37.468
  -28.394  -28.382  -28.293  -28.284  -28.205  -28.168   -7.448   -7.337   -7.107   -6.906
   -6.599   -6.451   -6.213   -6.085    3.978    4.218    4.433    4.573    4.713    5.087
    5.331    5.579    6.026    6.189    6.451    6.611    6.789    6.915    7.255    7.317
    7.438    7.694    7.947    8.179    8.334    8.518    8.645    8.818    8.967    9.128
    9.435    9.498    9.861   10.647   10.929   13.706   13.911   14.132   14.369   14.540
   14.637   15.669   16.354   16.552   17.680   18.013   18.845   19.934   20.268   20.581
   20.761   21.337   22.107   22.338   23.238   23.784   24.505   24.777   25.182   25.795
            0.326148  0.265913  0.468934
  -82.060  -68.433  -63.938  -63.927  -45.606  -45.363  -45.208  -37.494  -37.486  -37.468
  -28.395  -28.382  -28.293  -28.284  -28.205  -28.168   -7.442   -7.319   -7.106   -6.923
   -6.587   -6.460   -6.216   -6.094    3.978    4.223    4.437    4.539    4.702    5.051
    5.322    5.587    6.103    6.208    6.425    6.649    6.830    6.932    7.241    7.332
    7.425    7.726    7.954    8.160    8.337    8.514    8.678    8.816    8.923    9.111
    9.397    9.491    9.880   10.614   10.863   13.712   13.902   14.128   14.363   14.564
   14.662   15.653   16.374   16.560   17.647   17.978   18.944   19.940   20.336   20.686
   20.766   21.321   22.035   22.260   23.124   23.703   24.528   24.834   25.224   25.783
            0.351149  0.286368  0.469238
  -82.060  -68.433  -63.938  -63.927  -45.606  -45.363  -45.208  -37.494  -37.486  -37.468
  -28.395  -28.382  -28.293  -28.284  -28.205  -28.168   -7.438   -7.307   -7.102   -6.939
   -6.572   -6.467   -6.217   -6.104    3.983    4.223    4.410    4.518    4.708    5.001
    5.322    5.603    6.167    6.244    6.387    6.704    6.869    6.942    7.227    7.345
    7.423    7.757    7.952    8.145    8.339    8.512    8.703    8.827    8.882    9.098
    9.358    9.482    9.898   10.579   10.789   13.718   13.894   14.121   14.354   14.583
   14.687   15.639   16.389   16.566   17.625   17.942   19.051   19.933   20.398   20.774
   20.803   21.313   21.973   22.189   23.012   23.621   24.546   24.886   25.260   25.792
            0.376150  0.306823  0.469543
  -82.060  -68.433  -63.938  -63.928  -45.606  -45.363  -45.208  -37.494  -37.486  -37.468
  -28.395  -28.382  -28.293  -28.284  -28.205  -28.168   -7.436   -7.298   -7.099   -6.951
   -6.557   -6.473   -6.217   -6.115    3.992    4.216    4.375    4.496    4.725    4.947
    5.327    5.624    6.206    6.294    6.352    6.766    6.900    6.953    7.224    7.348
    7.430    7.775    7.938    8.140    8.340    8.512    8.703    8.847    8.873    9.088
    9.318    9.470    9.915   10.542   10.710   13.724   13.889   14.112   14.343   14.597
   14.713   15.626   16.399   16.570   17.616   17.907   19.159   19.913   20.460   20.801
   20.901   21.312   21.924   22.124   22.913   23.531   24.571   24.917   25.298   25.820
            0.401150  0.327278  0.469847
  -82.060  -68.433  -63.938  -63.928  -45.606  -45.363  -45.208  -37.494  -37.486  -37.468
  -28.395  -28.382  -28.293  -28.284  -28.205  -28.167   -7.435   -7.293   -7.097   -6.958
   -6.545   -6.477   -6.214   -6.126    4.008    4.199    4.349    4.466    4.743    4.898
    5.335    5.648    6.221    6.305    6.366    6.827    6.917    6.979    7.229    7.347
    7.441    7.774    7.920    8.144    8.342    8.500    8.699    8.826    8.935    9.083
    9.277    9.454    9.932   10.506   10.631   13.728   13.886   14.102   14.333   14.606
   14.737   15.616   16.406   16.572   17.619   17.872   19.266   19.881   20.523   20.820
   20.992   21.316   21.886   22.068   22.839   23.430   24.608   24.922   25.347   25.834
            0.426151  0.347733  0.470151
  -82.060  -68.433  -63.938  -63.928  -45.606  -45.363  -45.208  -37.494  -37.486  -37.468
  -28.395  -28.382  -28.293  -28.284  -28.204  -28.167   -7.435   -7.289   -7.097   -6.959
   -6.536   -6.479   -6.211   -6.136    4.027    4.176    4.335    4.434    4.758    4.860
    5.342    5.673    6.209    6.299    6.412    6.879    6.929    7.011    7.230    7.354
    7.451    7.757    7.905    8.150    8.345    8.466    8.715    8.813    9.000    9.086
    9.237    9.434    9.948   10.472   10.559   13.732   13.884   14.090   14.325   14.610
   14.757   15.608   16.409   16.573   17.635   17.837   19.368   19.838   20.587   20.831
   21.070   21.317   21.857   22.024   22.804   23.319   24.656   24.906   25.407   25.765
            0.451152  0.368188  0.470455
  -82.060  -68.433  -63.938  -63.928  -45.606  -45.363  -45.208  -37.494  -37.486  -37.468
  -28.395  -28.382  -28.294  -28.284  -28.204  -28.167   -7.436   -7.288   -7.099   -6.957
   -6.531   -6.480   -6.207   -6.144    4.050    4.151    4.326    4.405    4.767    4.835
    5.347    5.697    6.183    6.304    6.449    6.917    6.946    7.039    7.217    7.379
    7.456    7.734    7.893    8.157    8.350    8.421    8.743    8.805    9.043    9.110
    9.200    9.409    9.962   10.442   10.501   13.736   13.883   14.080   14.320   14.612
   14.773   15.602   16.410   16.573   17.660   17.801   19.464   19.785   20.648   20.830
   21.136   21.310   21.836   21.988   22.815   23.200   24.710   24.880   25.469   25.682
            0.476153  0.388643  0.470760
  -82.060  -68.433  -63.938  -63.928  -45.606  -45.363  -45.208  -37.494  -37.486  -37.468
  -28.395  -28.382  -28.294  -28.284  -28.204  -28.167   -7.436   -7.287   -7.101   -6.954
   -6.529   -6.479   -6.204   -6.150    4.073    4.128    4.318    4.387    4.769    4.823
    5.351    5.714    6.161    6.310    6.473    6.941    6.960    7.061    7.196    7.412
    7.453    7.715    7.885    8.164    8.354    8.382    8.769    8.799    9.061    9.150
    9.172    9.385    9.972   10.420   10.466   13.738   13.882   14.073   14.317   14.612
   14.783   15.599   16.410   16.573   17.692   17.764   19.549   19.725   20.698   20.817
   21.187   21.295   21.823   21.963   22.870   23.080   24.764   24.849   25.522   25.618
            0.501154  0.409098  0.471064
  -82.060  -68.433  -63.938  -63.928  -45.606  -45.363  -45.208  -37.494  -37.486  -37.468
  -28.395  -28.382  -28.294  -28.284  -28.204  -28.167   -7.437   -7.287   -7.102   -6.953
   -6.528   -6.479   -6.202   -6.152    4.088    4.115    4.315    4.381    4.768    4.820
    5.352    5.721    6.152    6.311    6.481    6.951    6.962    7.071    7.185    7.437
    7.441    7.708    7.882    8.167    8.360    8.363    8.784    8.793    9.067    9.156
    9.173    9.373    9.976   10.411   10.454   13.739   13.881   14.070   14.317   14.612
   14.786   15.597   16.411   16.573   17.726   17.728   19.600   19.683   20.722   20.807
   21.210   21.283   21.819   21.953   22.941   22.989   24.809   24.812   25.549   25.588
