 &plot nbnd=  80, nks=   101 /
            0.000000  0.000000  0.000000
  -84.869  -68.415  -63.953  -63.944  -48.874  -48.290  -47.935  -37.476  -37.469  -37.451
  -28.428  -28.372  -28.334  -28.259  -28.258  -28.198   -8.375   -7.088   -6.806   -6.774
   -6.707   -6.499   -6.230   -6.001    3.184    3.209    3.505    3.687    3.986    4.295
    4.617    4.726    4.960    5.493    5.600    5.767    6.392    6.404    6.836    6.910
    6.959    7.072    7.216    7.756    7.776    8.155    8.171    8.379    8.546    8.948
    9.166    9.180    9.282    9.362    9.788    9.824   10.235   10.984   13.606   13.981
   14.214   14.239   14.941   15.324   16.522   17.826   18.891   19.260   19.340   21.272
   21.497   21.893   22.095   22.771   23.045   23.504   24.480   24.560   24.785   25.055
            0.000000  0.020455  0.000000
  -84.869  -68.415  -63.953  -63.944  -48.874  -48.290  -47.935  -37.476  -37.469  -37.451
  -28.428  -28.372  -28.334  -28.259  -28.258  -28.198   -8.374   -7.088   -6.808   -6.774
   -6.707   -6.499   -6.230   -6.001    3.185    3.210    3.506    3.688    3.988    4.294
    4.618    4.726    4.963    5.493    5.599    5.762    6.389    6.405    6.826    6.897
    6.963    7.071    7.233    7.750    7.780    8.157    8.172    8.383    8.544    8.947
    9.162    9.176    9.286    9.363    9.780    9.832   10.238   10.984   13.607   13.982
   14.170   14.282   14.940   15.322   16.529   17.827   18.881   19.260   19.346   21.273
   21.481   21.902   22.104   22.775   23.048   23.502   24.481   24.556   24.781   25.056
            0.000000  0.040910  0.000000
  -84.869  -68.415  -63.953  -63.944  -48.874  -48.290  -47.935  -37.476  -37.469  -37.451
  -28.428  -28.372  -28.334  -28.259  -28.258  -28.198   -8.370   -7.089   -6.816   -6.774
   -6.706   -6.497   -6.231   -6.002    3.190    3.214    3.509    3.693    3.994    4.293
    4.620    4.726    4.970    5.493    5.595    5.748    6.380    6.408    6.799    6.864
    6.973    7.070    7.272    7.733    7.792    8.159    8.173    8.394    8.538    8.944
    9.150    9.167    9.298    9.365    9.764    9.849   10.248   10.985   13.610   13.987
   14.114   14.334   14.939   15.317   16.550   17.829   18.853   19.257   19.361   21.273
   21.435   21.926   22.128   22.786   23.056   23.495   24.482   24.546   24.769   25.059
            0.000000  0.061365  0.000000
  -84.869  -68.415  -63.953  -63.944  -48.874  -48.290  -47.935  -37.476  -37.469  -37.451
  -28.428  -28.372  -28.334  -28.259  -28.258  -28.198   -8.363   -7.090   -6.827   -6.775
   -6.705   -6.494   -6.232   -6.002    3.198    3.220    3.512    3.700    4.003    4.291
    4.623    4.726    4.983    5.494    5.589    5.725    6.364    6.412    6.761    6.822
    6.982    7.074    7.320    7.711    7.811    8.156    8.177    8.411    8.531    8.940
    9.131    9.153    9.316    9.369    9.745    9.867   10.265   10.986   13.616   13.995
   14.058   14.383   14.937   15.309   16.584   17.832   18.810   19.254   19.383   21.277
   21.368   21.964   22.159   22.803   23.071   23.483   24.484   24.528   24.749   25.065
            0.000000  0.081820  0.000000
  -84.869  -68.415  -63.953  -63.944  -48.874  -48.290  -47.935  -37.476  -37.469  -37.451
  -28.428  -28.372  -28.334  -28.259  -28.258  -28.198   -8.353   -7.093   -6.841   -6.776
   -6.703   -6.491   -6.233   -6.002    3.209    3.228    3.517    3.710    4.016    4.288
    4.628    4.726    4.999    5.494    5.579    5.695    6.342    6.416    6.717    6.780
    6.987    7.082    7.369    7.686    7.837    8.143    8.181    8.429    8.530    8.934
    9.109    9.137    9.338    9.372    9.725    9.886   10.286   10.988   13.624   14.002
   14.007   14.428   14.934   15.298   16.631   17.837   18.757   19.248   19.406   21.285
   21.287   22.014   22.190   22.824   23.093   23.468   24.487   24.503   24.720   25.075
            0.000000  0.102274  0.000000
  -84.869  -68.415  -63.953  -63.944  -48.874  -48.290  -47.935  -37.476  -37.469  -37.451
  -28.428  -28.372  -28.334  -28.259  -28.258  -28.198   -8.340   -7.098   -6.856   -6.777
   -6.702   -6.488   -6.234   -6.003    3.224    3.239    3.524    3.723    4.032    4.284
    4.634    4.726    5.020    5.495    5.566    5.660    6.313    6.421    6.668    6.744
    6.987    7.092    7.415    7.662    7.867    8.118    8.188    8.436    8.542    8.926
    9.087    9.121    9.364    9.375    9.704    9.904   10.313   10.991   13.633   13.947
   14.021   14.469   14.932   15.283   16.690   17.843   18.697   19.240   19.428   21.197
   21.299   22.075   22.217   22.847   23.125   23.451   24.467   24.490   24.685   25.089
            0.000000  0.122729  0.000000
  -84.869  -68.415  -63.953  -63.944  -48.874  -48.290  -47.935  -37.476  -37.469  -37.451
  -28.428  -28.372  -28.334  -28.259  -28.259  -28.198   -8.325   -7.106   -6.871   -6.778
   -6.700   -6.486   -6.235   -6.003    3.241    3.251    3.531    3.738    4.052    4.279
    4.640    4.727    5.043    5.495    5.548    5.622    6.277    6.422    6.618    6.718
    6.981    7.102    7.459    7.641    7.900    8.083    8.196    8.433    8.565    8.916
    9.069    9.106    9.377    9.391    9.681    9.920   10.343   10.995   13.644   13.895
   14.039   14.503   14.932   15.265   16.761   17.850   18.633   19.230   19.446   21.102
   21.321   22.143   22.238   22.868   23.166   23.435   24.421   24.493   24.643   25.107
            0.000000  0.143184  0.000000
  -84.869  -68.415  -63.953  -63.944  -48.874  -48.290  -47.935  -37.476  -37.469  -37.451
  -28.427  -28.372  -28.334  -28.259  -28.259  -28.198   -8.308   -7.118   -6.884   -6.779
   -6.698   -6.485   -6.237   -6.003    3.260    3.266    3.538    3.755    4.076    4.274
    4.648    4.726    5.067    5.490    5.526    5.588    6.237    6.417    6.572    6.702
    6.970    7.113    7.499    7.623    7.933    8.039    8.207    8.423    8.585    8.906
    9.059    9.093    9.379    9.418    9.659    9.935   10.375   10.999   13.655   13.847
   14.060   14.530   14.935   15.245   16.842   17.858   18.567   19.216   19.461   21.005
   21.353   22.218   22.253   22.886   23.212   23.424   24.362   24.496   24.597   25.129
            0.000000  0.163639  0.000000
  -84.869  -68.415  -63.953  -63.944  -48.874  -48.290  -47.935  -37.476  -37.469  -37.451
  -28.427  -28.371  -28.334  -28.259  -28.259  -28.198   -8.288   -7.136   -6.893   -6.780
   -6.695   -6.485   -6.238   -6.004    3.282    3.282    3.546    3.774    4.103    4.269
    4.656    4.726    5.090    5.468    5.500    5.570    6.195    6.397    6.539    6.696
    6.953    7.123    7.535    7.608    7.964    7.987    8.219    8.411    8.596    8.896
    9.064    9.085    9.379    9.444    9.635    9.947   10.410   11.004   13.661   13.807
   14.084   14.547   14.943   15.221   16.931   17.866   18.499   19.199   19.471   20.907
   21.395   22.262   22.299   22.899   23.253   23.428   24.289   24.500   24.550   25.154
            0.000000  0.184094  0.000000
  -84.869  -68.415  -63.953  -63.944  -48.874  -48.290  -47.935  -37.476  -37.469  -37.451
  -28.427  -28.371  -28.334  -28.259  -28.259  -28.198   -8.266   -7.159   -6.897   -6.781
   -6.693   -6.486   -6.240   -6.005    3.300    3.306    3.553    3.795    4.132    4.264
    4.664    4.726    5.112    5.430    5.469    5.574    6.153    6.359    6.525    6.698
    6.932    7.130    7.569    7.594    7.931    7.992    8.232    8.400    8.593    8.886
    9.080    9.083    9.379    9.468    9.612    9.956   10.446   11.010   13.655   13.784
   14.110   14.556   14.954   15.195   17.029   17.875   18.433   19.177   19.476   20.812
   21.448   22.266   22.383   22.908   23.275   23.461   24.203   24.500   24.503   25.179
            0.000000  0.204549  0.000000
  -84.869  -68.415  -63.953  -63.944  -48.874  -48.290  -47.935  -37.476  -37.469  -37.451
  -28.427  -28.371  -28.334  -28.260  -28.259  -28.198   -8.242   -7.187   -6.898   -6.783
   -6.690   -6.489   -6.242   -6.005    3.319    3.332    3.560    3.819    4.164    4.258
    4.672    4.725    5.129    5.384    5.434    5.591    6.113    6.308    6.525    6.708
    6.908    7.137    7.580    7.598    7.872    8.016    8.245    8.388    8.577    8.876
    9.081    9.116    9.377    9.490    9.590    9.962   10.482   11.016   13.632   13.783
   14.139   14.556   14.970   15.167   17.133   17.884   18.368   19.149   19.478   20.719
   21.510   22.265   22.469   22.912   23.279   23.522   24.104   24.449   24.507   25.200
            0.000000  0.225004  0.000000
  -84.869  -68.415  -63.953  -63.944  -48.874  -48.290  -47.935  -37.476  -37.469  -37.451
  -28.427  -28.370  -28.334  -28.260  -28.259  -28.198   -8.217   -7.218   -6.895   -6.784
   -6.688   -6.492   -6.244   -6.006    3.339    3.358    3.566    3.844    4.197    4.253
    4.679    4.724    5.139    5.339    5.397    5.615    6.076    6.254    6.532    6.724
    6.881    7.140    7.563    7.624    7.813    8.038    8.257    8.377    8.555    8.865
    9.087    9.157    9.374    9.509    9.570    9.965   10.518   11.023   13.599   13.797
   14.171   14.547   14.989   15.136   17.243   17.893   18.305   19.115   19.475   20.632
   21.582   22.262   22.556   22.911   23.276   23.599   23.997   24.397   24.511   25.213
            0.000000  0.245459  0.000000
  -84.869  -68.415  -63.953  -63.944  -48.874  -48.290  -47.935  -37.476  -37.469  -37.451
  -28.427  -28.370  -28.334  -28.260  -28.259  -28.198   -8.190   -7.252   -6.890   -6.785
   -6.686   -6.497   -6.246   -6.006    3.360    3.385    3.572    3.870    4.230    4.247
    4.686    4.723    5.140    5.299    5.357    5.645    6.043    6.201    6.543    6.745
    6.852    7.142    7.538    7.644    7.760    8.058    8.267    8.367    8.528    8.853
    9.099    9.202    9.371    9.525    9.551    9.966   10.553   11.029   13.563   13.818
   14.204   14.533   15.010   15.104   17.357   17.902   18.247   19.073   19.471   20.551
   21.663   22.256   22.644   22.906   23.272   23.683   23.882   24.342   24.516   25.213
            0.000000  0.265913  0.000000
  -84.869  -68.415  -63.953  -63.944  -48.874  -48.290  -47.935  -37.476  -37.469  -37.451
  -28.427  -28.370  -28.334  -28.261  -28.259  -28.198   -8.163   -7.287   -6.883   -6.786
   -6.684   -6.503   -6.247   -6.007    3.380    3.412    3.577    3.897    4.242    4.264
    4.691    4.721    5.127    5.272    5.318    5.676    6.015    6.152    6.558    6.769
    6.822    7.141    7.500    7.659    7.718    8.078    8.276    8.357    8.502    8.839
    9.115    9.249    9.367    9.535    9.538    9.964   10.585   11.036   13.527   13.843
   14.238   14.514   15.031   15.070   17.473   17.911   18.193   19.022   19.464   20.478
   21.751   22.248   22.729   22.897   23.270   23.763   23.772   24.286   24.521   25.195
            0.000000  0.286368  0.000000
  -84.869  -68.415  -63.953  -63.944  -48.874  -48.290  -47.935  -37.476  -37.469  -37.451
  -28.427  -28.370  -28.334  -28.261  -28.259  -28.198   -8.137   -7.322   -6.875   -6.787
   -6.682   -6.509   -6.249   -6.007    3.399    3.437    3.580    3.923    4.238    4.296
    4.694    4.719    5.103    5.259    5.280    5.706    5.991    6.111    6.576    6.794
    6.796    7.137    7.449    7.669    7.689    8.099    8.282    8.347    8.478    8.824
    9.134    9.294    9.363    9.522    9.548    9.960   10.615   11.042   13.495   13.870
   14.274   14.493   15.036   15.051   17.590   17.921   18.144   18.964   19.457   20.415
   21.846   22.240   22.809   22.886   23.271   23.643   23.862   24.229   24.528   25.159
            0.000000  0.306823  0.000000
  -84.869  -68.415  -63.953  -63.944  -48.874  -48.290  -47.935  -37.476  -37.469  -37.451
  -28.427  -28.370  -28.334  -28.261  -28.259  -28.198   -8.111   -7.355   -6.867   -6.788
   -6.680   -6.515   -6.250   -6.007    3.417    3.461    3.583    3.949    4.234    4.326
    4.695    4.716    5.072    5.244    5.255    5.728    5.971    6.082    6.597    6.766
    6.824    7.132    7.387    7.672    7.674    8.120    8.286    8.338    8.456    8.807
    9.154    9.336    9.361    9.512    9.555    9.955   10.642   11.047   13.466   13.897
   14.308   14.469   15.002   15.069   17.705   17.932   18.101   18.897   19.449   20.361
   21.945   22.231   22.875   22.880   23.274   23.528   23.951   24.172   24.536   25.105
            0.000000  0.327278  0.000000
  -84.869  -68.415  -63.953  -63.943  -48.874  -48.290  -47.935  -37.476  -37.469  -37.451
  -28.427  -28.369  -28.334  -28.261  -28.259  -28.198   -8.086   -7.385   -6.859   -6.788
   -6.679   -6.521   -6.252   -6.008    3.433    3.483    3.585    3.973    4.230    4.353
    4.694    4.713    5.041    5.214    5.257    5.741    5.955    6.065    6.622    6.742
    6.851    7.124    7.321    7.662    7.676    8.142    8.289    8.331    8.439    8.791
    9.171    9.360    9.374    9.504    9.558    9.948   10.664   11.052   13.442   13.922
   14.341   14.447   14.970   15.085   17.809   17.951   18.066   18.822   19.442   20.317
   22.046   22.224   22.863   22.935   23.277   23.427   24.035   24.117   24.547   25.038
            0.000000  0.347733  0.000000
  -84.869  -68.415  -63.953  -63.943  -48.874  -48.290  -47.935  -37.476  -37.469  -37.451
  -28.427  -28.369  -28.334  -28.262  -28.259  -28.199   -8.066   -7.412   -6.852   -6.789
   -6.677   -6.527   -6.253   -6.008    3.447    3.500    3.586    3.994    4.227    4.375
    4.690    4.710    5.015    5.188    5.260    5.744    5.943    6.060    6.648    6.721
    6.877    7.115    7.258    7.656    7.674    8.162    8.291    8.324    8.426    8.775
    9.185    9.360    9.407    9.498    9.558    9.942   10.683   11.056   13.423   13.945
   14.371   14.426   14.942   15.098   17.880   17.997   18.037   18.743   19.435   20.283
   22.145   22.217   22.854   22.961   23.281   23.351   24.066   24.112   24.564   24.963
            0.000000  0.368188  0.000000
  -84.869  -68.415  -63.953  -63.943  -48.874  -48.290  -47.935  -37.476  -37.469  -37.451
  -28.427  -28.369  -28.334  -28.262  -28.259  -28.199   -8.049   -7.432   -6.847   -6.789
   -6.677   -6.531   -6.253   -6.008    3.457    3.514    3.587    4.010    4.225    4.393
    4.686    4.708    4.995    5.170    5.264    5.741    5.934    6.062    6.673    6.706
    6.898    7.106    7.204    7.652    7.672    8.179    8.291    8.319    8.417    8.762
    9.195    9.362    9.433    9.495    9.556    9.937   10.696   11.058   13.409   13.964
   14.394   14.409   14.918   15.107   17.907   18.017   18.076   18.665   19.431   20.259
   22.212   22.235   22.846   22.949   23.284   23.314   24.024   24.175   24.587   24.888
            0.000000  0.388643  0.000000
  -84.869  -68.415  -63.953  -63.943  -48.874  -48.290  -47.935  -37.476  -37.469  -37.451
  -28.427  -28.369  -28.334  -28.262  -28.259  -28.199   -8.038   -7.445   -6.844   -6.790
   -6.676   -6.534   -6.254   -6.008    3.464    3.522    3.587    4.020    4.224    4.404
    4.682    4.707    4.983    5.158    5.267    5.737    5.929    6.065    6.690    6.699
    6.913    7.099    7.167    7.651    7.671    8.191    8.290    8.316    8.411    8.754
    9.201    9.364    9.450    9.493    9.553    9.934   10.704   11.060   13.400   13.976
   14.397   14.410   14.903   15.113   17.916   18.004   18.150   18.599   19.428   20.245
   22.209   22.302   22.841   22.917   23.286   23.307   23.995   24.217   24.617   24.823
            0.000000  0.409098  0.000000
  -84.869  -68.415  -63.953  -63.943  -48.874  -48.290  -47.935  -37.476  -37.469  -37.451
  -28.427  -28.369  -28.334  -28.262  -28.259  -28.199   -8.035   -7.449   -6.843   -6.790
   -6.676   -6.535   -6.254   -6.008    3.466    3.525    3.587    4.024    4.224    4.408
    4.681    4.706    4.979    5.154    5.269    5.735    5.928    6.067    6.691    6.703
    6.918    7.096    7.153    7.650    7.670    8.195    8.290    8.315    8.410    8.751
    9.202    9.364    9.456    9.492    9.552    9.933   10.707   11.061   13.398   13.980
   14.393   14.415   14.898   15.115   17.918   18.000   18.181   18.571   19.427   20.240
   22.208   22.328   22.840   22.901   23.287   23.308   23.985   24.232   24.634   24.793
            0.025001  0.409098  0.000304
  -84.869  -68.415  -63.953  -63.943  -48.874  -48.290  -47.935  -37.476  -37.469  -37.451
  -28.427  -28.369  -28.334  -28.262  -28.259  -28.199   -8.034   -7.449   -6.845   -6.788
   -6.679   -6.532   -6.253   -6.010    3.466    3.522    3.586    4.025    4.225    4.412
    4.664    4.709    4.978    5.139    5.298    5.738    5.924    6.069    6.686    6.704
    6.925    7.095    7.160    7.616    7.706    8.181    8.281    8.317    8.423    8.751
    9.198    9.361    9.430    9.514    9.556    9.931   10.709   11.057   13.399   13.980
   14.383   14.429   14.892   15.117   17.921   18.003   18.189   18.559   19.437   20.240
   22.170   22.354   22.826   22.897   23.265   23.342   23.994   24.235   24.636   24.797
            0.050002  0.409098  0.000609
  -84.869  -68.415  -63.953  -63.943  -48.874  -48.290  -47.935  -37.476  -37.469  -37.451
  -28.427  -28.369  -28.334  -28.262  -28.259  -28.199   -8.030   -7.447   -6.852   -6.784
   -6.686   -6.524   -6.251   -6.014    3.467    3.513    3.583    4.028    4.231    4.423
    4.624    4.715    4.965    5.127    5.354    5.748    5.916    6.075    6.657    6.725
    6.940    7.091    7.179    7.578    7.750    8.149    8.263    8.315    8.457    8.751
    9.186    9.351    9.395    9.528    9.580    9.926   10.715   11.047   13.402   13.979
   14.368   14.455   14.877   15.121   17.929   18.011   18.211   18.525   19.468   20.241
   22.097   22.391   22.789   22.892   23.248   23.389   24.019   24.243   24.640   24.809
            0.075002  0.409098  0.000913
  -84.869  -68.415  -63.953  -63.943  -48.874  -48.290  -47.935  -37.476  -37.469  -37.451
  -28.427  -28.369  -28.334  -28.262  -28.259  -28.199   -8.025   -7.445   -6.863   -6.779
   -6.697   -6.513   -6.246   -6.020    3.465    3.502    3.579    4.031    4.242    4.436
    4.573    4.725    4.930    5.143    5.412    5.767    5.903    6.082    6.617    6.757
    6.958    7.085    7.208    7.551    7.789    8.108    8.240    8.305    8.500    8.750
    9.166    9.337    9.364    9.527    9.616    9.919   10.725   11.030   13.408   13.978
   14.353   14.486   14.853   15.127   17.942   18.026   18.248   18.473   19.513   20.243
   22.013   22.405   22.746   22.889   23.239   23.430   24.063   24.257   24.646   24.830
            0.100003  0.409098  0.001217
  -84.869  -68.415  -63.954  -63.943  -48.874  -48.290  -47.935  -37.476  -37.469  -37.451
  -28.427  -28.369  -28.334  -28.262  -28.260  -28.199   -8.018   -7.441   -6.876   -6.773
   -6.711   -6.500   -6.241   -6.030    3.455    3.495    3.573    4.034    4.257    4.437
    4.531    4.738    4.887    5.176    5.463    5.798    5.890    6.088    6.570    6.793
    6.977    7.082    7.243    7.538    7.821    8.066    8.215    8.287    8.544    8.746
    9.137    9.319    9.343    9.522    9.652    9.911   10.737   11.007   13.417   13.976
   14.338   14.522   14.825   15.131   17.961   18.046   18.296   18.410   19.569   20.246
   21.925   22.381   22.717   22.886   23.236   23.458   24.124   24.276   24.653   24.860
            0.125004  0.409098  0.001521
  -84.869  -68.415  -63.954  -63.943  -48.874  -48.290  -47.935  -37.476  -37.469  -37.451
  -28.427  -28.369  -28.334  -28.262  -28.260  -28.199   -8.009   -7.437   -6.892   -6.768
   -6.725   -6.485   -6.234   -6.041    3.435    3.494    3.567    4.036    4.271    4.407
    4.526    4.749    4.849    5.215    5.502    5.838    5.884    6.092    6.522    6.819
    6.995    7.088    7.280    7.543    7.844    8.025    8.190    8.261    8.583    8.738
    9.105    9.294    9.334    9.514    9.684    9.903   10.751   10.978   13.428   13.974
   14.322   14.563   14.793   15.133   17.984   18.072   18.323   18.372   19.630   20.249
   21.836   22.322   22.706   22.883   23.237   23.471   24.196   24.302   24.658   24.902
            0.150005  0.409098  0.001826
  -84.869  -68.415  -63.954  -63.943  -48.874  -48.290  -47.935  -37.476  -37.469  -37.451
  -28.427  -28.369  -28.334  -28.262  -28.260  -28.199   -7.998   -7.432   -6.909   -6.763
   -6.737   -6.470   -6.227   -6.054    3.410    3.495    3.561    4.037    4.263    4.381
    4.539    4.748    4.835    5.258    5.530    5.844    5.922    6.093    6.476    6.822
    7.011    7.113    7.320    7.569    7.852    7.986    8.169    8.229    8.613    8.726
    9.072    9.265    9.336    9.506    9.708    9.898   10.764   10.944   13.442   13.972
   14.305   14.606   14.761   15.131   18.011   18.103   18.257   18.436   19.694   20.254
   21.746   22.240   22.702   22.878   23.243   23.473   24.273   24.332   24.659   24.955
            0.175006  0.409098  0.002130
  -84.869  -68.415  -63.954  -63.943  -48.874  -48.290  -47.935  -37.476  -37.469  -37.451
  -28.427  -28.369  -28.334  -28.262  -28.260  -28.199   -7.985   -7.425   -6.928   -6.766
   -6.743   -6.455   -6.220   -6.069    3.384    3.493    3.558    4.039    4.220    4.388
    4.554    4.730    4.852    5.304    5.552    5.827    5.990    6.092    6.434    6.800
    7.023    7.153    7.368    7.610    7.840    7.961    8.149    8.193    8.628    8.714
    9.043    9.236    9.346    9.497    9.724    9.898   10.776   10.906   13.458   13.970
   14.286   14.650   14.732   15.125   18.040   18.128   18.194   18.517   19.759   20.261
   21.658   22.147   22.698   22.869   23.252   23.466   24.344   24.371   24.652   25.019
            0.200007  0.409098  0.002434
  -84.869  -68.415  -63.954  -63.943  -48.874  -48.290  -47.935  -37.476  -37.469  -37.451
  -28.427  -28.369  -28.335  -28.262  -28.260  -28.199   -7.972   -7.418   -6.948   -6.777
   -6.739   -6.440   -6.213   -6.085    3.357    3.486    3.558    4.040    4.164    4.406
    4.566    4.714    4.887    5.350    5.572    5.805    6.063    6.091    6.398    6.763
    7.029    7.194    7.433    7.653    7.809    7.956    8.117    8.162    8.622    8.707
    9.017    9.209    9.363    9.489    9.730    9.904   10.785   10.864   13.478   13.969
   14.266   14.673   14.725   15.114   18.065   18.093   18.203   18.606   19.822   20.269
   21.571   22.049   22.689   22.856   23.263   23.458   24.393   24.424   24.631   25.092
            0.225007  0.409098  0.002739
  -84.869  -68.415  -63.954  -63.943  -48.874  -48.290  -47.935  -37.476  -37.469  -37.451
  -28.427  -28.369  -28.335  -28.262  -28.260  -28.199   -7.957   -7.410   -6.968   -6.790
   -6.732   -6.426   -6.207   -6.101    3.330    3.475    3.560    4.042    4.110    4.416
    4.580    4.711    4.930    5.398    5.594    5.775    6.085    6.142    6.366    6.720
    7.026    7.231    7.516    7.667    7.788    7.970    8.065    8.146    8.601    8.701
    8.992    9.188    9.385    9.483    9.726    9.916   10.790   10.820   13.499   13.968
   14.245   14.655   14.763   15.099   18.008   18.112   18.247   18.702   19.883   20.280
   21.488   21.949   22.673   22.841   23.270   23.455   24.433   24.466   24.599   25.174
            0.250008  0.409098  0.003043
  -84.869  -68.415  -63.954  -63.943  -48.874  -48.290  -47.935  -37.476  -37.469  -37.451
  -28.427  -28.369  -28.335  -28.262  -28.260  -28.199   -7.942   -7.401   -6.989   -6.804
   -6.724   -6.412   -6.203   -6.117    3.305    3.460    3.562    4.037    4.068    4.411
    4.600    4.717    4.978    5.445    5.621    5.740    6.089    6.208    6.342    6.676
    7.017    7.264    7.603    7.632    7.800    7.996    8.003    8.143    8.574    8.692
    8.965    9.176    9.410    9.479    9.716    9.932   10.768   10.795   13.523   13.967
   14.222   14.631   14.809   15.080   17.935   18.146   18.297   18.804   19.941   20.294
   21.408   21.848   22.651   22.823   23.264   23.470   24.459   24.471   24.584   25.262
            0.275009  0.409098  0.003347
  -84.869  -68.415  -63.954  -63.943  -48.874  -48.290  -47.935  -37.476  -37.469  -37.451
  -28.427  -28.369  -28.335  -28.262  -28.260  -28.199   -7.926   -7.392   -7.011   -6.817
   -6.716   -6.400   -6.202   -6.130    3.281    3.443    3.562    4.011    4.055    4.396
    4.625    4.733    5.029    5.490    5.657    5.698    6.100    6.241    6.346    6.636
    7.003    7.293    7.560    7.706    7.804    7.943    8.028    8.164    8.545    8.680
    8.931    9.170    9.435    9.479    9.700    9.948   10.721   10.790   13.549   13.968
   14.198   14.610   14.854   15.057   17.864   18.181   18.350   18.908   19.997   20.312
   21.331   21.747   22.623   22.805   23.241   23.506   24.396   24.505   24.602   25.351
            0.300010  0.409098  0.003652
  -84.869  -68.415  -63.954  -63.943  -48.874  -48.290  -47.935  -37.476  -37.469  -37.451
  -28.427  -28.368  -28.335  -28.262  -28.261  -28.199   -7.911   -7.382   -7.032   -6.828
   -6.708   -6.388   -6.206   -6.138    3.259    3.425    3.561    3.982    4.053    4.377
    4.647    4.757    5.081    5.533    5.649    5.703    6.119    6.224    6.392    6.602
    6.985    7.311    7.499    7.766    7.791    7.902    8.066    8.214    8.516    8.668
    8.892    9.169    9.456    9.486    9.681    9.966   10.672   10.780   13.576   13.970
   14.173   14.594   14.898   15.030   17.798   18.216   18.403   19.012   20.048   20.336
   21.258   21.646   22.590   22.789   23.204   23.561   24.315   24.534   24.626   25.435
            0.325011  0.409098  0.003956
  -84.869  -68.415  -63.954  -63.943  -48.874  -48.290  -47.935  -37.476  -37.469  -37.451
  -28.427  -28.368  -28.335  -28.262  -28.261  -28.199   -7.896   -7.371   -7.053   -6.839
   -6.700   -6.378   -6.215   -6.142    3.240    3.405    3.557    3.960    4.051    4.360
    4.663    4.791    5.131    5.571    5.602    5.758    6.143    6.188    6.449    6.575
    6.966    7.301    7.462    7.694    7.849    7.882    8.123    8.282    8.488    8.658
    8.850    9.167    9.469    9.502    9.660    9.982   10.624   10.766   13.604   13.972
   14.147   14.584   14.938   14.999   17.737   18.249   18.455   19.114   20.095   20.366
   21.190   21.544   22.554   22.775   23.159   23.631   24.234   24.555   24.650   25.502
            0.350011  0.409098  0.004260
  -84.869  -68.415  -63.954  -63.943  -48.874  -48.290  -47.935  -37.476  -37.469  -37.451
  -28.427  -28.368  -28.336  -28.262  -28.261  -28.199   -7.882   -7.360   -7.073   -6.849
   -6.693   -6.368   -6.227   -6.142    3.223    3.385    3.551    3.947    4.048    4.345
    4.673    4.830    5.176    5.554    5.611    5.819    6.132    6.190    6.499    6.555
    6.944    7.249    7.463    7.613    7.835    7.914    8.196    8.355    8.464    8.654
    8.805    9.161    9.479    9.519    9.641    9.997   10.578   10.748   13.633   13.976
   14.121   14.579   14.964   14.975   17.682   18.279   18.504   19.211   20.139   20.404
   21.127   21.442   22.517   22.765   23.109   23.711   24.162   24.565   24.674   25.520
            0.375012  0.409098  0.004564
  -84.869  -68.415  -63.954  -63.944  -48.874  -48.290  -47.935  -37.476  -37.469  -37.451
  -28.427  -28.368  -28.336  -28.262  -28.261  -28.199   -7.869   -7.349   -7.092   -6.857
   -6.687   -6.360   -6.239   -6.141    3.208    3.366    3.544    3.941    4.042    4.335
    4.679    4.872    5.211    5.517    5.644    5.878    6.095    6.227    6.520    6.563
    6.919    7.176    7.480    7.535    7.811    7.943    8.272    8.419    8.456    8.658
    8.761    9.147    9.487    9.531    9.629   10.010   10.535   10.728   13.661   13.979
   14.095   14.582   14.931   15.005   17.634   18.306   18.549   19.299   20.180   20.450
   21.070   21.340   22.482   22.758   23.056   23.800   24.104   24.565   24.697   25.456
            0.400013  0.409098  0.004869
  -84.869  -68.415  -63.954  -63.944  -48.874  -48.290  -47.935  -37.476  -37.469  -37.451
  -28.427  -28.368  -28.336  -28.262  -28.261  -28.199   -7.858   -7.338   -7.109   -6.864
   -6.681   -6.353   -6.252   -6.139    3.197    3.348    3.537    3.939    4.034    4.328
    4.682    4.917    5.228    5.497    5.673    5.910    6.086    6.271    6.508    6.599
    6.887    7.099    7.466    7.500    7.794    7.956    8.328    8.455    8.489    8.671
    8.726    9.124    9.485    9.540    9.626   10.021   10.497   10.706   13.688   13.983
   14.070   14.590   14.896   15.031   17.595   18.330   18.589   19.376   20.217   20.504
   21.019   21.238   22.451   22.757   23.002   23.887   24.066   24.558   24.719   25.339
            0.425014  0.409098  0.005173
  -84.869  -68.415  -63.954  -63.944  -48.874  -48.290  -47.935  -37.476  -37.469  -37.451
  -28.427  -28.368  -28.336  -28.262  -28.261  -28.199   -7.849   -7.328   -7.124   -6.870
   -6.677   -6.347   -6.262   -6.137    3.188    3.333    3.531    3.941    4.026    4.325
    4.683    4.962    5.220    5.500    5.699    5.893    6.127    6.316    6.493    6.633
    6.846    7.025    7.415    7.512    7.791    7.952    8.356    8.490    8.534    8.656
    8.739    9.092    9.471    9.552    9.630   10.030   10.466   10.687   13.712   13.987
   14.047   14.603   14.861   15.052   17.563   18.348   18.621   19.437   20.250   20.567
   20.976   21.137   22.424   22.760   22.952   23.947   24.070   24.547   24.737   25.209
            0.450015  0.409098  0.005477
  -84.869  -68.415  -63.954  -63.944  -48.874  -48.290  -47.935  -37.476  -37.469  -37.451
  -28.427  -28.368  -28.336  -28.262  -28.261  -28.199   -7.842   -7.320   -7.136   -6.874
   -6.673   -6.343   -6.270   -6.136    3.182    3.321    3.526    3.945    4.018    4.324
    4.683    5.006    5.194    5.520    5.719    5.854    6.188    6.359    6.477    6.664
    6.797    6.961    7.381    7.517    7.805    7.932    8.376    8.510    8.579    8.622
    8.790    9.052    9.454    9.564    9.634   10.036   10.442   10.671   13.731   13.990
   14.028   14.618   14.829   15.067   17.540   18.362   18.644   19.482   20.277   20.637
   20.942   21.040   22.404   22.770   22.906   23.954   24.134   24.533   24.751   25.092
            0.475016  0.409098  0.005782
  -84.869  -68.415  -63.954  -63.944  -48.874  -48.290  -47.935  -37.476  -37.469  -37.451
  -28.427  -28.368  -28.336  -28.261  -28.261  -28.199   -7.838   -7.315   -7.144   -6.876
   -6.671   -6.340   -6.275   -6.135    3.179    3.314    3.523    3.948    4.012    4.323
    4.683    5.049    5.159    5.543    5.735    5.817    6.240    6.397    6.459    6.690
    6.750    6.914    7.363    7.518    7.831    7.902    8.394    8.519    8.586    8.619
    8.847    9.005    9.441    9.574    9.638   10.040   10.427   10.660   13.745   13.993
   14.015   14.633   14.806   15.076   17.526   18.371   18.659   19.509   20.295   20.709
   20.920   20.952   22.392   22.784   22.870   23.947   24.203   24.519   24.759   25.007
            0.500016  0.409098  0.006086
  -84.869  -68.415  -63.954  -63.944  -48.874  -48.290  -47.935  -37.476  -37.469  -37.451
  -28.427  -28.368  -28.336  -28.261  -28.261  -28.199   -7.836   -7.313   -7.147   -6.877
   -6.671   -6.339   -6.277   -6.134    3.177    3.312    3.523    3.949    4.010    4.323
    4.683    5.073    5.135    5.553    5.742    5.801    6.261    6.417    6.446    6.711
    6.720    6.897    7.357    7.518    7.860    7.871    8.402    8.521    8.575    8.630
    8.881    8.976    9.436    9.578    9.638   10.041   10.422   10.656   13.749   13.994
   14.009   14.639   14.796   15.079   17.522   18.373   18.664   19.519   20.301   20.751
   20.899   20.919   22.388   22.793   22.853   23.944   24.232   24.512   24.762   24.976
            0.475016  0.388643  0.005782
  -84.869  -68.415  -63.954  -63.944  -48.874  -48.290  -47.935  -37.476  -37.469  -37.451
  -28.427  -28.368  -28.336  -28.261  -28.261  -28.199   -7.838   -7.314   -7.143   -6.876
   -6.671   -6.340   -6.277   -6.135    3.180    3.316    3.524    3.948    4.012    4.325
    4.683    5.045    5.157    5.534    5.742    5.817    6.235    6.399    6.456    6.696
    6.749    6.920    7.359    7.519    7.832    7.903    8.380    8.527    8.564    8.628
    8.856    9.018    9.438    9.576    9.637   10.040   10.429   10.662   13.745   13.992
   14.014   14.629   14.805   15.077   17.531   18.367   18.660   19.505   20.281   20.705
   20.910   20.981   22.386   22.783   22.870   23.941   24.214   24.500   24.759   25.011
            0.450015  0.368188  0.005477
  -84.869  -68.415  -63.954  -63.944  -48.874  -48.290  -47.935  -37.476  -37.469  -37.451
  -28.427  -28.368  -28.336  -28.261  -28.261  -28.199   -7.845   -7.316   -7.134   -6.872
   -6.672   -6.343   -6.275   -6.137    3.186    3.328    3.529    3.944    4.018    4.330
    4.681    4.994    5.186    5.491    5.737    5.853    6.175    6.367    6.467    6.688
    6.787    6.981    7.368    7.525    7.808    7.935    8.329    8.492    8.546    8.651
    8.833    9.087    9.442    9.569    9.636   10.036   10.449   10.678   13.732   13.987
   14.026   14.607   14.824   15.074   17.557   18.345   18.647   19.464   20.227   20.655
   20.907   21.111   22.384   22.769   22.903   23.926   24.184   24.466   24.750   25.102
            0.425014  0.347733  0.005173
  -84.869  -68.415  -63.954  -63.944  -48.874  -48.290  -47.935  -37.476  -37.469  -37.451
  -28.427  -28.368  -28.336  -28.261  -28.261  -28.199   -7.857   -7.318   -7.120   -6.866
   -6.673   -6.348   -6.273   -6.139    3.194    3.350    3.536    3.940    4.026    4.337
    4.674    4.941    5.207    5.442    5.724    5.881    6.119    6.333    6.473    6.683
    6.825    7.052    7.394    7.541    7.791    7.952    8.264    8.408    8.559    8.684
    8.828    9.153    9.448    9.556    9.637   10.029   10.475   10.706   13.714   13.978
   14.042   14.582   14.846   15.069   17.599   18.310   18.627   19.395   20.155   20.634
   20.902   21.247   22.384   22.761   22.934   23.893   24.175   24.424   24.735   25.211
            0.400013  0.327278  0.004869
  -84.869  -68.415  -63.954  -63.944  -48.874  -48.290  -47.935  -37.476  -37.469  -37.451
  -28.427  -28.369  -28.336  -28.261  -28.261  -28.199   -7.875   -7.316   -7.104   -6.858
   -6.675   -6.355   -6.270   -6.142    3.201    3.379    3.545    3.939    4.037    4.342
    4.659    4.894    5.210    5.401    5.701    5.879    6.100    6.298    6.476    6.680
    6.856    7.113    7.450    7.564    7.780    7.939    8.193    8.342    8.574    8.709
    8.835    9.210    9.452    9.540    9.641   10.019   10.500   10.746   13.694   13.966
   14.057   14.560   14.866   15.064   17.653   18.262   18.601   19.302   20.083   20.635
   20.894   21.376   22.391   22.761   22.955   23.854   24.175   24.403   24.718   25.294
            0.375012  0.306823  0.004564
  -84.869  -68.415  -63.954  -63.944  -48.874  -48.290  -47.935  -37.476  -37.469  -37.451
  -28.427  -28.369  -28.336  -28.261  -28.261  -28.199   -7.899   -7.310   -7.086   -6.848
   -6.678   -6.364   -6.266   -6.145    3.206    3.414    3.554    3.945    4.048    4.341
    4.638    4.861    5.179    5.383    5.669    5.856    6.111    6.265    6.479    6.679
    6.873    7.171    7.520    7.593    7.764    7.899    8.139    8.304    8.590    8.720
    8.851    9.257    9.455    9.528    9.646   10.006   10.520   10.793   13.676   13.951
   14.068   14.546   14.882   15.061   17.713   18.203   18.569   19.197   20.019   20.650
   20.885   21.489   22.409   22.766   22.966   23.824   24.150   24.436   24.703   25.308
            0.350011  0.286368  0.004260
  -84.869  -68.415  -63.954  -63.944  -48.874  -48.290  -47.935  -37.476  -37.469  -37.451
  -28.427  -28.369  -28.336  -28.261  -28.261  -28.199   -7.929   -7.299   -7.068   -6.837
   -6.680   -6.375   -6.260   -6.148    3.210    3.448    3.562    3.961    4.060    4.324
    4.619    4.838    5.119    5.385    5.634    5.837    6.122    6.238    6.485    6.681
    6.876    7.234    7.546    7.629    7.743    7.884    8.110    8.287    8.605    8.716
    8.871    9.291    9.454    9.525    9.648    9.989   10.535   10.841   13.662   13.933
   14.073   14.540   14.894   15.059   17.771   18.138   18.530   19.095   19.964   20.676
   20.875   21.580   22.441   22.773   22.973   23.800   24.110   24.510   24.700   25.247
            0.325011  0.265913  0.003956
  -84.869  -68.415  -63.954  -63.944  -48.874  -48.290  -47.935  -37.476  -37.469  -37.451
  -28.427  -28.370  -28.335  -28.261  -28.260  -28.199   -7.965   -7.282   -7.050   -6.824
   -6.682   -6.388   -6.253   -6.150    3.212    3.478    3.565    3.992    4.072    4.287
    4.609    4.823    5.049    5.395    5.604    5.825    6.114    6.227    6.495    6.684
    6.871    7.291    7.489    7.660    7.767    7.915    8.098    8.283    8.616    8.704
    8.889    9.309    9.453    9.531    9.649    9.970   10.547   10.883   13.655   13.911
   14.072   14.541   14.907   15.058   17.811   18.072   18.488   19.012   19.915   20.708
   20.868   21.647   22.482   22.779   22.991   23.765   24.084   24.575   24.741   25.144
            0.300010  0.245459  0.003652
  -84.869  -68.415  -63.954  -63.944  -48.874  -48.290  -47.935  -37.476  -37.469  -37.451
  -28.427  -28.370  -28.335  -28.261  -28.260  -28.199   -8.005   -7.259   -7.034   -6.810
   -6.685   -6.403   -6.245   -6.150    3.213    3.499    3.561    4.033    4.086    4.236
    4.600    4.816    4.988    5.404    5.584    5.820    6.082    6.236    6.508    6.689
    6.862    7.278    7.464    7.689    7.797    7.975    8.102    8.288    8.614    8.693
    8.904    9.312    9.454    9.540    9.646    9.951   10.557   10.913   13.654   13.887
   14.066   14.545   14.922   15.057   17.808   18.011   18.456   18.960   19.869   20.742
   20.868   21.692   22.522   22.783   23.030   23.706   24.088   24.599   24.846   25.023
            0.275009  0.225004  0.003347
  -84.869  -68.415  -63.954  -63.944  -48.874  -48.290  -47.935  -37.476  -37.469  -37.451
  -28.427  -28.370  -28.335  -28.260  -28.260  -28.198   -8.048   -7.234   -7.018   -6.797
   -6.686   -6.418   -6.236   -6.148    3.212    3.510    3.553    4.053    4.113    4.194
    4.571    4.825    4.950    5.406    5.574    5.815    6.042    6.259    6.522    6.697
    6.850    7.187    7.511    7.726    7.814    8.037    8.124    8.300    8.594    8.692
    8.919    9.303    9.455    9.550    9.641    9.933   10.565   10.931   13.663   13.861
   14.057   14.547   14.944   15.057   17.746   17.957   18.453   18.941   19.826   20.772
   20.882   21.722   22.554   22.788   23.092   23.628   24.119   24.610   24.888   24.989
            0.250008  0.204549  0.003043
  -84.869  -68.415  -63.954  -63.944  -48.874  -48.290  -47.935  -37.476  -37.469  -37.451
  -28.427  -28.371  -28.335  -28.260  -28.259  -28.198   -8.092   -7.206   -7.002   -6.785
   -6.687   -6.432   -6.230   -6.142    3.210    3.503    3.549    4.027    4.133    4.205
    4.517    4.844    4.948    5.402    5.568    5.802    6.013    6.290    6.536    6.705
    6.837    7.097    7.558    7.770    7.823    8.086    8.157    8.320    8.563    8.695
    8.933    9.289    9.455    9.555    9.634    9.917   10.569   10.935   13.679   13.834
   14.046   14.545   14.970   15.058   17.634   17.910   18.476   18.953   19.783   20.793
   20.916   21.743   22.571   22.795   23.169   23.547   24.164   24.626   24.769   25.109
            0.225007  0.184094  0.002739
  -84.869  -68.415  -63.954  -63.944  -48.874  -48.290  -47.935  -37.476  -37.469  -37.451
  -28.428  -28.371  -28.335  -28.260  -28.259  -28.198   -8.137   -7.178   -6.986   -6.775
   -6.688   -6.446   -6.225   -6.131    3.206    3.480    3.551    3.975    4.133    4.257
    4.457    4.849    4.992    5.393    5.562    5.776    6.009    6.327    6.550    6.709
    6.824    7.033    7.588    7.798    7.847    8.124    8.189    8.348    8.533    8.694
    8.950    9.271    9.455    9.556    9.626    9.901   10.568   10.931   13.700   13.811
   14.035   14.538   14.991   15.069   17.490   17.874   18.510   18.988   19.740   20.813
   20.965   21.760   22.575   22.801   23.232   23.490   24.218   24.645   24.662   25.155
            0.200007  0.163639  0.002434
  -84.869  -68.415  -63.953  -63.944  -48.874  -48.290  -47.935  -37.476  -37.469  -37.451
  -28.428  -28.371  -28.335  -28.260  -28.259  -28.198   -8.181   -7.153   -6.968   -6.769
   -6.688   -6.458   -6.224   -6.115    3.201    3.448    3.551    3.918    4.128    4.298
    4.413    4.845    5.063    5.377    5.549    5.747    6.029    6.367    6.562    6.705
    6.820    6.997    7.599    7.797    7.887    8.153    8.213    8.381    8.515    8.684
    8.969    9.249    9.459    9.546    9.622    9.887   10.557   10.924   13.714   13.804
   14.024   14.524   14.998   15.097   17.333   17.848   18.547   19.039   19.696   20.840
   21.024   21.778   22.560   22.806   23.235   23.498   24.278   24.563   24.683   25.091
            0.175006  0.143184  0.002130
  -84.869  -68.415  -63.953  -63.944  -48.874  -48.290  -47.935  -37.476  -37.469  -37.451
  -28.428  -28.372  -28.334  -28.259  -28.259  -28.198   -8.222   -7.131   -6.948   -6.765
   -6.688   -6.468   -6.224   -6.096    3.196    3.412    3.548    3.864    4.115    4.302
    4.415    4.840    5.136    5.356    5.529    5.730    6.069    6.403    6.570    6.703
    6.828    6.986    7.593    7.788    7.917    8.170    8.226    8.414    8.516    8.668
    8.991    9.225    9.467    9.526    9.626    9.872   10.531   10.920   13.705   13.828
   14.015   14.505   14.994   15.137   17.173   17.831   18.585   19.096   19.650   20.879
   21.087   21.799   22.525   22.812   23.191   23.549   24.342   24.495   24.722   24.992
            0.150005  0.122729  0.001826
  -84.869  -68.415  -63.953  -63.944  -48.874  -48.290  -47.935  -37.476  -37.469  -37.451
  -28.428  -28.372  -28.334  -28.259  -28.258  -28.198   -8.260   -7.115   -6.924   -6.764
   -6.688   -6.476   -6.226   -6.076    3.190    3.374    3.542    3.817    4.091    4.289
    4.444    4.834    5.174    5.355    5.512    5.725    6.125    6.434    6.568    6.720
    6.846    6.989    7.568    7.774    7.934    8.173    8.230    8.440    8.531    8.661
    9.012    9.204    9.474    9.497    9.639    9.859   10.490   10.923   13.685   13.870
   14.009   14.481   14.985   15.179   17.020   17.823   18.626   19.150   19.600   20.933
   21.154   21.823   22.467   22.819   23.142   23.591   24.406   24.467   24.763   24.892
            0.125004  0.102274  0.001521
  -84.869  -68.415  -63.953  -63.944  -48.874  -48.290  -47.935  -37.476  -37.469  -37.451
  -28.428  -28.372  -28.334  -28.259  -28.258  -28.198   -8.294   -7.104   -6.898   -6.765
   -6.690   -6.483   -6.227   -6.057    3.184    3.336    3.535    3.777    4.063    4.283
    4.477    4.827    5.147    5.401    5.503    5.727    6.192    6.457    6.564    6.758
    6.870    7.000    7.524    7.760    7.936    8.162    8.230    8.457    8.522    8.700
    9.026    9.195    9.454    9.479    9.661    9.849   10.437   10.933   13.663   13.920
   14.006   14.451   14.975   15.219   16.879   17.820   18.672   19.196   19.546   21.000
   21.222   21.849   22.392   22.823   23.102   23.603   24.427   24.521   24.774   24.833
            0.100003  0.081820  0.001217
  -84.869  -68.415  -63.953  -63.944  -48.874  -48.290  -47.935  -37.476  -37.469  -37.451
  -28.428  -28.372  -28.334  -28.259  -28.258  -28.198   -8.322   -7.096   -6.872   -6.767
   -6.693   -6.488   -6.228   -6.038    3.179    3.300    3.526    3.745    4.036    4.284
    4.508    4.817    5.090    5.461    5.504    5.731    6.260    6.463    6.583    6.801
    6.900    7.016    7.463    7.748    7.919    8.146    8.229    8.462    8.498    8.774
    9.028    9.203    9.413    9.462    9.690    9.842   10.379   10.947   13.643   13.963
   14.016   14.416   14.964   15.255   16.757   17.820   18.724   19.232   19.488   21.075
   21.290   21.875   22.307   22.820   23.073   23.589   24.439   24.608   24.704   24.872
            0.075002  0.061365  0.000913
  -84.869  -68.415  -63.953  -63.944  -48.874  -48.290  -47.935  -37.476  -37.469  -37.451
  -28.428  -28.372  -28.334  -28.259  -28.258  -28.198   -8.345   -7.092   -6.847   -6.769
   -6.697   -6.493   -6.229   -6.023    3.176    3.267    3.518    3.720    4.014    4.287
    4.539    4.800    5.034    5.486    5.536    5.739    6.316    6.450    6.640    6.838
    6.934    7.034    7.389    7.741    7.884    8.136    8.225    8.431    8.507    8.857
    9.026    9.223    9.368    9.434    9.723    9.837   10.323   10.961   13.627   13.978
   14.057   14.375   14.955   15.284   16.657   17.822   18.779   19.257   19.430   21.150
   21.358   21.896   22.223   22.809   23.056   23.561   24.456   24.637   24.691   24.926
            0.050002  0.040910  0.000609
  -84.869  -68.415  -63.953  -63.944  -48.874  -48.290  -47.935  -37.476  -37.469  -37.451
  -28.428  -28.372  -28.334  -28.259  -28.258  -28.198   -8.362   -7.090   -6.826   -6.771
   -6.701   -6.496   -6.230   -6.011    3.176    3.239    3.511    3.702    3.998    4.291
    4.571    4.773    4.991    5.491    5.573    5.751    6.356    6.431    6.723    6.865
    6.963    7.051    7.312    7.739    7.840    8.136    8.211    8.401    8.525    8.921
    9.042    9.242    9.321    9.400    9.753    9.833   10.277   10.973   13.615   13.980
   14.112   14.330   14.948   15.306   16.583   17.824   18.833   19.268   19.380   21.215
   21.423   21.905   22.153   22.792   23.048   23.532   24.471   24.592   24.746   24.986
            0.025001  0.020455  0.000304
  -84.869  -68.415  -63.953  -63.944  -48.874  -48.290  -47.935  -37.476  -37.469  -37.451
  -28.428  -28.372  -28.334  -28.259  -28.258  -28.198   -8.372   -7.089   -6.811   -6.773
   -6.705   -6.498   -6.230   -6.004    3.180    3.218    3.507    3.691    3.989    4.294
    4.602    4.743    4.967    5.493    5.594    5.762    6.380    6.414    6.803    6.887
    6.970    7.066    7.245    7.746    7.799    8.145    8.188    8.384    8.540    8.945
    9.099    9.234    9.285    9.372    9.778    9.828   10.246   10.981   13.608   13.981
   14.169   14.281   14.943   15.319   16.537   17.826   18.875   19.266   19.349   21.258
   21.475   21.900   22.109   22.777   23.045   23.512   24.479   24.567   24.776   25.036
            0.000000  0.000000  0.000000
  -84.869  -68.415  -63.953  -63.944  -48.874  -48.290  -47.935  -37.476  -37.469  -37.451
  -28.428  -28.372  -28.334  -28.259  -28.258  -28.198   -8.375   -7.088   -6.806   -6.774
   -6.707   -6.499   -6.230   -6.001    3.184    3.209    3.505    3.687    3.986    4.295
    4.617    4.726    4.960    5.493    5.600    5.767    6.392    6.404    6.836    6.910
    6.959    7.072    7.216    7.756    7.776    8.155    8.171    8.379    8.546    8.948
    9.166    9.180    9.282    9.362    9.788    9.824   10.235   10.984   13.606   13.981
   14.214   14.239   14.941   15.324   16.522   17.826   18.891   19.260   19.340   21.272
   21.497   21.893   22.095   22.771   23.045   23.504   24.480   24.560   24.785   25.055
            0.000057  0.000000  0.023249
  -84.869  -68.415  -63.953  -63.944  -48.874  -48.290  -47.935  -37.476  -37.469  -37.451
  -28.428  -28.373  -28.333  -28.260  -28.256  -28.197   -8.373   -7.088   -6.814   -6.774
   -6.701   -6.498   -6.231   -6.002    3.183    3.211    3.505    3.691    3.987    4.285
    4.617    4.733    4.965    5.483    5.600    5.770    6.320    6.485    6.830    6.900
    6.973    7.072    7.213    7.762    7.768    8.134    8.184    8.395    8.544    8.944
    9.134    9.210    9.275    9.368    9.778    9.824   10.248   10.984   13.608   13.976
   14.213   14.240   14.940   15.319   16.531   17.826   18.869   19.284   19.341   21.275
   21.494   21.881   22.094   22.772   23.058   23.503   24.460   24.560   24.807   25.050
            0.000114  0.000000  0.046498
  -84.869  -68.415  -63.953  -63.944  -48.874  -48.290  -47.935  -37.476  -37.469  -37.451
  -28.428  -28.373  -28.333  -28.262  -28.254  -28.197   -8.366   -7.089   -6.831   -6.780
   -6.685   -6.493   -6.234   -6.005    3.182    3.218    3.505    3.703    3.989    4.257
    4.615    4.750    4.980    5.453    5.599    5.776    6.258    6.565    6.813    6.893
    6.998    7.071    7.205    7.741    7.784    8.103    8.193    8.434    8.536    8.933
    9.095    9.241    9.261    9.381    9.750    9.826   10.284   10.986   13.616   13.963
   14.209   14.241   14.938   15.306   16.560   17.825   18.813   19.336   19.350   21.282
   21.483   21.847   22.091   22.774   23.095   23.501   24.413   24.558   24.862   25.039
            0.000171  0.000000  0.069747
  -84.869  -68.415  -63.953  -63.944  -48.874  -48.290  -47.935  -37.476  -37.469  -37.451
  -28.428  -28.374  -28.333  -28.265  -28.252  -28.197   -8.355   -7.089   -6.853   -6.791
   -6.664   -6.487   -6.238   -6.009    3.181    3.227    3.504    3.722    3.993    4.218
    4.614    4.772    5.004    5.405    5.598    5.784    6.218    6.618    6.787    6.914
    7.021    7.070    7.193    7.703    7.815    8.073    8.196    8.483    8.526    8.917
    9.055    9.234    9.279    9.395    9.714    9.830   10.334   10.989   13.628   13.943
   14.202   14.243   14.935   15.283   16.606   17.823   18.744   19.347   19.418   21.293
   21.462   21.801   22.085   22.778   23.150   23.501   24.352   24.551   24.930   25.027
            0.000227  0.000000  0.092996
  -84.869  -68.415  -63.953  -63.944  -48.874  -48.290  -47.935  -37.476  -37.469  -37.451
  -28.428  -28.375  -28.332  -28.267  -28.250  -28.197   -8.338   -7.090   -6.875   -6.808
   -6.641   -6.480   -6.243   -6.014    3.180    3.240    3.503    3.748    3.998    4.173
    4.613    4.796    5.032    5.342    5.599    5.794    6.201    6.628    6.758    6.971
    7.029    7.079    7.182    7.658    7.854    8.048    8.197    8.497    8.548    8.898
    9.015    9.212    9.308    9.409    9.676    9.833   10.392   10.993   13.646   13.919
   14.192   14.243   14.929   15.252   16.669   17.821   18.669   19.354   19.497   21.304
   21.429   21.753   22.080   22.784   23.214   23.508   24.287   24.535   24.977   25.044
            0.000284  0.000000  0.116245
  -84.869  -68.415  -63.953  -63.944  -48.874  -48.290  -47.935  -37.476  -37.469  -37.451
  -28.427  -28.376  -28.331  -28.269  -28.248  -28.197   -8.318   -7.091   -6.898   -6.828
   -6.616   -6.474   -6.247   -6.021    3.179    3.256    3.499    3.780    4.004    4.129
    4.613    4.820    5.062    5.268    5.603    5.803    6.203    6.606    6.727    7.000
    7.046    7.119    7.174    7.610    7.896    8.026    8.197    8.473    8.600    8.877
    8.975    9.188    9.334    9.420    9.641    9.837   10.453   10.999   13.667   13.893
   14.181   14.240   14.921   15.213   16.748   17.818   18.595   19.362   19.576   21.299
   21.390   21.712   22.078   22.791   23.273   23.532   24.219   24.506   24.981   25.114
            0.000341  0.000000  0.139493
  -84.869  -68.415  -63.953  -63.944  -48.874  -48.290  -47.935  -37.476  -37.469  -37.451
  -28.427  -28.378  -28.330  -28.271  -28.246  -28.196   -8.293   -7.092   -6.920   -6.852
   -6.592   -6.469   -6.250   -6.029    3.179    3.274    3.495    3.813    4.007    4.093
    4.614    4.842    5.090    5.190    5.611    5.814    6.218    6.569    6.697    6.976
    7.068    7.158    7.214    7.564    7.936    8.008    8.200    8.442    8.648    8.859
    8.936    9.164    9.357    9.429    9.614    9.841   10.515   11.006   13.693   13.868
   14.167   14.236   14.911   15.167   16.841   17.816   18.524   19.372   19.653   21.243
   21.378   21.683   22.086   22.800   23.312   23.588   24.149   24.462   24.983   25.193
            0.000398  0.000000  0.162742
  -84.869  -68.415  -63.953  -63.944  -48.874  -48.290  -47.935  -37.476  -37.469  -37.451
  -28.427  -28.379  -28.329  -28.274  -28.244  -28.196   -8.263   -7.095   -6.943   -6.877
   -6.568   -6.467   -6.250   -6.038    3.179    3.294    3.489    3.842    4.001    4.081
    4.617    4.861    5.111    5.115    5.623    5.826    6.240    6.523    6.671    6.943
    7.070    7.156    7.309    7.523    7.969    7.992    8.208    8.408    8.686    8.845
    8.904    9.141    9.376    9.430    9.599    9.843   10.575   11.014   13.722   13.845
   14.152   14.228   14.897   15.115   16.945   17.813   18.457   19.382   19.724   21.148
   21.381   21.664   22.108   22.812   23.328   23.675   24.078   24.405   24.991   25.269
            0.000455  0.000000  0.185991
  -84.869  -68.415  -63.952  -63.945  -48.874  -48.290  -47.935  -37.476  -37.469  -37.451
  -28.427  -28.381  -28.328  -28.276  -28.242  -28.195   -8.230   -7.097   -6.968   -6.903
   -6.546   -6.467   -6.248   -6.048    3.180    3.315    3.482    3.856    3.986    4.101
    4.621    4.873    5.042    5.133    5.637    5.840    6.263    6.473    6.649    6.909
    7.064    7.149    7.400    7.494    7.971    7.997    8.222    8.379    8.709    8.826
    8.889    9.117    9.391    9.424    9.599    9.844   10.634   11.023   13.754   13.825
   14.135   14.218   14.880   15.057   17.059   17.811   18.395   19.393   19.789   21.034
   21.383   21.651   22.149   22.825   23.331   23.781   24.011   24.336   25.000   25.340
            0.000512  0.000000  0.209240
  -84.869  -68.415  -63.952  -63.945  -48.874  -48.290  -47.935  -37.476  -37.469  -37.451
  -28.427  -28.383  -28.326  -28.278  -28.240  -28.195   -8.193   -7.101   -6.995   -6.928
   -6.525   -6.469   -6.244   -6.058    3.181    3.336    3.474    3.851    3.975    4.145
    4.627    4.868    4.995    5.148    5.652    5.856    6.278    6.423    6.632    6.882
    7.052    7.134    7.443    7.509    7.953    8.009    8.238    8.363    8.716    8.797
    8.900    9.095    9.398    9.414    9.611    9.842   10.689   11.033   13.787   13.812
   14.118   14.206   14.859   14.996   17.181   17.809   18.339   19.405   19.848   20.909
   21.376   21.642   22.212   22.841   23.328   23.866   23.976   24.259   25.005   25.402
            0.000569  0.000000  0.232489
  -84.869  -68.415  -63.952  -63.945  -48.874  -48.290  -47.935  -37.476  -37.469  -37.451
  -28.426  -28.385  -28.325  -28.280  -28.239  -28.194   -8.151   -7.106   -7.027   -6.951
   -6.506   -6.472   -6.238   -6.068    3.183    3.357    3.466    3.834    3.967    4.206
    4.635    4.835    4.981    5.160    5.665    5.874    6.279    6.374    6.620    6.867
    7.038    7.108    7.436    7.564    7.934    8.015    8.252    8.369    8.710    8.770
    8.923    9.073    9.382    9.420    9.631    9.839   10.741   11.043   13.797   13.828
   14.101   14.193   14.834   14.932   17.308   17.808   18.289   19.416   19.898   20.778
   21.363   21.635   22.296   22.859   23.323   23.833   24.062   24.184   24.997   25.457
            0.000625  0.000000  0.255738
  -84.869  -68.415  -63.952  -63.945  -48.874  -48.290  -47.935  -37.476  -37.469  -37.451
  -28.426  -28.387  -28.323  -28.283  -28.237  -28.194   -8.106   -7.114   -7.062   -6.969
   -6.491   -6.473   -6.230   -6.078    3.185    3.376    3.457    3.814    3.955    4.276
    4.646    4.791    4.986    5.171    5.672    5.894    6.259    6.330    6.614    6.867
    7.024    7.073    7.429    7.606    7.912    8.016    8.265    8.394    8.687    8.759
    8.948    9.053    9.360    9.430    9.655    9.833   10.788   11.054   13.793   13.865
   14.085   14.178   14.802   14.870   17.438   17.809   18.247   19.426   19.940   20.644
   21.346   21.628   22.398   22.880   23.319   23.764   24.074   24.223   24.970   25.504
            0.000682  0.000000  0.278987
  -84.869  -68.415  -63.951  -63.946  -48.874  -48.290  -47.935  -37.476  -37.469  -37.451
  -28.425  -28.389  -28.322  -28.285  -28.236  -28.193   -8.058   -7.132   -7.094   -6.984
   -6.484   -6.467   -6.222   -6.087    3.189    3.391    3.450    3.796    3.940    4.351
    4.662    4.752    4.996    5.181    5.672    5.917    6.225    6.289    6.613    6.875
    7.002    7.042    7.425    7.628    7.891    8.014    8.283    8.429    8.653    8.761
    8.972    9.033    9.338    9.440    9.679    9.826   10.831   11.064   13.795   13.903
   14.069   14.163   14.757   14.816   17.565   17.813   18.216   19.434   19.973   20.511
   21.329   21.621   22.515   22.904   23.317   23.692   23.993   24.363   24.921   25.545
            0.000739  0.000000  0.302236
  -84.869  -68.415  -63.951  -63.946  -48.874  -48.290  -47.935  -37.476  -37.469  -37.451
  -28.425  -28.391  -28.320  -28.287  -28.234  -28.193   -8.007   -7.171   -7.109   -6.997
   -6.484   -6.457   -6.215   -6.096    3.193    3.400    3.446    3.780    3.921    4.423
    4.685    4.721    5.007    5.192    5.661    5.943    6.184    6.247    6.615    6.875
    6.964    7.040    7.423    7.636    7.871    8.007    8.303    8.470    8.618    8.772
    8.993    9.015    9.318    9.451    9.703    9.816   10.869   11.074   13.803   13.939
   14.056   14.148   14.698   14.774   17.678   17.823   18.201   19.435   19.995   20.383
   21.316   21.611   22.642   22.932   23.318   23.619   23.910   24.509   24.853   25.581
            0.000796  0.000000  0.325485
  -84.869  -68.415  -63.951  -63.946  -48.874  -48.290  -47.935  -37.476  -37.469  -37.451
  -28.424  -28.393  -28.318  -28.289  -28.233  -28.193   -7.953   -7.221   -7.116   -7.007
   -6.483   -6.448   -6.208   -6.103    3.197    3.400    3.449    3.767    3.901    4.487
    4.694    4.724    5.017    5.203    5.639    5.972    6.145    6.205    6.619    6.839
    6.945    7.058    7.422    7.639    7.853    7.997    8.318    8.512    8.590    8.789
    8.995    9.010    9.304    9.461    9.723    9.806   10.901   11.084   13.816   13.971
   14.048   14.134   14.635   14.737   17.754   17.851   18.214   19.428   20.006   20.267
   21.310   21.598   22.772   22.966   23.323   23.548   23.829   24.629   24.793   25.612
            0.000853  0.000000  0.348734
  -84.869  -68.415  -63.950  -63.947  -48.874  -48.290  -47.935  -37.476  -37.469  -37.451
  -28.423  -28.395  -28.316  -28.292  -28.232  -28.192   -7.896   -7.277   -7.122   -7.015
   -6.481   -6.442   -6.202   -6.108    3.203    3.395    3.456    3.754    3.883    4.535
    4.679    4.774    5.028    5.213    5.605    6.001    6.115    6.165    6.622    6.774
    6.943    7.087    7.419    7.643    7.838    7.982    8.322    8.532    8.593    8.808
    8.975    9.022    9.296    9.471    9.737    9.798   10.927   11.094   13.834   13.991
   14.049   14.122   14.574   14.701   17.782   17.890   18.271   19.404   20.001   20.173
   21.312   21.581   22.890   23.019   23.336   23.479   23.755   24.594   24.873   25.639
            0.000910  0.000000  0.371983
  -84.869  -68.415  -63.950  -63.947  -48.874  -48.290  -47.935  -37.476  -37.469  -37.451
  -28.423  -28.396  -28.315  -28.294  -28.231  -28.192   -7.837   -7.335   -7.126   -7.022
   -6.477   -6.439   -6.197   -6.112    3.208    3.387    3.465    3.738    3.871    4.568
    4.668    4.836    5.044    5.221    5.561    6.020    6.102    6.131    6.617    6.707
    6.947    7.119    7.414    7.653    7.826    7.963    8.316    8.521    8.635    8.828
    8.953    9.029    9.294    9.482    9.739    9.797   10.948   11.103   13.857   13.998
   14.058   14.115   14.519   14.667   17.794   17.908   18.371   19.357   19.977   20.113
   21.323   21.559   22.969   23.103   23.362   23.415   23.690   24.474   25.023   25.660
            0.000967  0.000000  0.395231
  -84.869  -68.415  -63.950  -63.947  -48.874  -48.290  -47.935  -37.476  -37.469  -37.451
  -28.422  -28.398  -28.313  -28.296  -28.230  -28.192   -7.776   -7.396   -7.130   -7.027
   -6.473   -6.438   -6.193   -6.115    3.213    3.379    3.473    3.719    3.865    4.590
    4.660    4.896    5.070    5.228    5.507    6.020    6.091    6.131    6.584    6.666
    6.952    7.148    7.408    7.667    7.821    7.941    8.302    8.509    8.683    8.847
    8.930    9.031    9.297    9.491    9.731    9.802   10.964   11.111   13.881   13.999
   14.063   14.114   14.474   14.635   17.802   17.909   18.498   19.282   19.947   20.082
   21.342   21.533   23.020   23.189   23.345   23.427   23.641   24.335   25.178   25.673
            0.001024  0.000000  0.418480
  -84.869  -68.415  -63.949  -63.948  -48.874  -48.290  -47.935  -37.476  -37.469  -37.451
  -28.421  -28.399  -28.311  -28.297  -28.230  -28.192   -7.714   -7.459   -7.132   -7.030
   -6.468   -6.439   -6.191   -6.116    3.217    3.373    3.481    3.702    3.864    4.606
    4.653    4.939    5.112    5.234    5.446    6.015    6.065    6.166    6.526    6.655
    6.958    7.170    7.401    7.682    7.824    7.915    8.287    8.502    8.727    8.856
    8.912    9.030    9.303    9.500    9.720    9.809   10.974   11.118   13.903   14.003
   14.057   14.117   14.442   14.608   17.808   17.904   18.636   19.181   19.925   20.064
   21.369   21.504   23.064   23.235   23.294   23.497   23.636   24.186   25.328   25.671
            0.001080  0.000000  0.441729
  -84.869  -68.415  -63.949  -63.948  -48.874  -48.290  -47.935  -37.476  -37.469  -37.451
  -28.421  -28.400  -28.310  -28.299  -28.230  -28.191   -7.651   -7.522   -7.134   -7.032
   -6.464   -6.441   -6.189   -6.117    3.220    3.369    3.486    3.689    3.864    4.617
    4.647    4.961    5.158    5.246    5.383    6.014    6.046    6.202    6.474    6.652
    6.963    7.184    7.396    7.694    7.837    7.887    8.276    8.499    8.765    8.847
    8.906    9.028    9.308    9.506    9.711    9.813   10.981   11.122   13.919   14.013
   14.045   14.119   14.425   14.589   17.812   17.898   18.776   19.062   19.914   20.054
   21.400   21.471   23.106   23.222   23.281   23.512   23.733   24.032   25.464   25.641
            0.001137  0.000000  0.464978
  -84.869  -68.415  -63.949  -63.948  -48.874  -48.290  -47.935  -37.476  -37.469  -37.451
  -28.421  -28.400  -28.310  -28.299  -28.230  -28.191   -7.593   -7.581   -7.135   -7.033
   -6.462   -6.442   -6.189   -6.117    3.221    3.367    3.488    3.685    3.864    4.622
    4.644    4.968    5.178    5.263    5.346    6.015    6.037    6.218    6.452    6.651
    6.965    7.189    7.394    7.698    7.856    7.863    8.271    8.498    8.785    8.835
    8.907    9.026    9.309    9.508    9.707    9.815   10.982   11.123   13.924   14.029
   14.029   14.118   14.420   14.582   17.813   17.896   18.884   18.960   19.911   20.050
   21.426   21.445   23.131   23.197   23.285   23.508   23.866   23.889   25.564   25.580
            0.026138  0.020455  0.465282
  -84.869  -68.415  -63.949  -63.948  -48.874  -48.290  -47.935  -37.476  -37.469  -37.451
  -28.421  -28.400  -28.310  -28.299  -28.230  -28.191   -7.591   -7.579   -7.134   -7.032
   -6.466   -6.443   -6.190   -6.118    3.223    3.368    3.491    3.689    3.867    4.621
    4.641    4.951    5.179    5.269    5.363    5.985    6.064    6.212    6.446    6.648
    6.965    7.184    7.397    7.698    7.847    7.874    8.260    8.495    8.764    8.816
    8.944    9.049    9.309    9.504    9.708    9.814   10.979   11.125   13.918   14.003
   14.047   14.140   14.420   14.582   17.806   17.900   18.888   18.967   19.900   20.060
   21.381   21.470   23.086   23.204   23.291   23.528   23.808   23.973   25.533   25.616
            0.051139  0.040910  0.465587
  -84.869  -68.415  -63.949  -63.948  -48.874  -48.290  -47.935  -37.476  -37.469  -37.451
  -28.421  -28.400  -28.310  -28.299  -28.230  -28.191   -7.588   -7.572   -7.131   -7.030
   -6.477   -6.445   -6.193   -6.122    3.230    3.372    3.500    3.704    3.876    4.613
    4.639    4.913    5.177    5.280    5.412    5.940    6.097    6.198    6.420    6.648
    6.964    7.167    7.406    7.696    7.840    7.890    8.230    8.486    8.722    8.807
    8.981    9.116    9.311    9.495    9.706    9.817   10.969   11.129   13.895   13.981
   14.070   14.182   14.419   14.581   17.789   17.906   18.889   18.998   19.874   20.082
   21.310   21.486   23.010   23.141   23.342   23.571   23.787   24.072   25.499   25.663
            0.076140  0.061365  0.465891
  -84.869  -68.415  -63.949  -63.948  -48.874  -48.290  -47.935  -37.476  -37.469  -37.451
  -28.421  -28.400  -28.310  -28.299  -28.229  -28.191   -7.581   -7.562   -7.128   -7.025
   -6.494   -6.448   -6.198   -6.127    3.241    3.379    3.513    3.726    3.892    4.589
    4.646    4.872    5.168    5.292    5.480    5.890    6.128    6.185    6.371    6.662
    6.957    7.142    7.418    7.686    7.841    7.905    8.190    8.471    8.688    8.805
    8.998    9.192    9.320    9.494    9.693    9.830   10.953   11.133   13.857   13.973
   14.103   14.227   14.417   14.581   17.770   17.912   18.871   19.063   19.846   20.107
   21.224   21.486   22.923   23.038   23.402   23.624   23.821   24.160   25.462   25.702
            0.101141  0.081820  0.466195
  -84.869  -68.415  -63.949  -63.948  -48.874  -48.290  -47.935  -37.476  -37.469  -37.451
  -28.421  -28.400  -28.310  -28.299  -28.229  -28.191   -7.573   -7.548   -7.126   -7.017
   -6.518   -6.453   -6.205   -6.133    3.253    3.389    3.528    3.756    3.915    4.554
    4.660    4.834    5.149    5.303    5.553    5.836    6.143    6.179    6.323    6.685
    6.934    7.115    7.434    7.668    7.853    7.913    8.156    8.450    8.666    8.809
    8.995    9.240    9.332    9.523    9.673    9.857   10.932   11.135   13.814   13.974
   14.142   14.272   14.416   14.582   17.753   17.916   18.837   19.155   19.824   20.130
   21.128   21.475   22.828   22.920   23.449   23.690   23.898   24.225   25.416   25.674
            0.126141  0.102274  0.466500
  -84.869  -68.415  -63.949  -63.948  -48.874  -48.290  -47.935  -37.476  -37.469  -37.451
  -28.421  -28.400  -28.310  -28.299  -28.229  -28.191   -7.562   -7.532   -7.126   -7.003
   -6.547   -6.460   -6.211   -6.141    3.265    3.403    3.544    3.791    3.945    4.513
    4.681    4.804    5.121    5.314    5.613    5.792    6.119    6.179    6.321    6.707
    6.890    7.099    7.451    7.647    7.867    7.908    8.139    8.424    8.652    8.816
    8.973    9.261    9.334    9.576    9.661    9.892   10.906   11.131   13.773   13.978
   14.182   14.315   14.418   14.585   17.734   17.924   18.789   19.265   19.813   20.151
   21.028   21.456   22.725   22.800   23.479   23.772   24.001   24.256   25.345   25.609
            0.151142  0.122729  0.466804
  -84.869  -68.415  -63.949  -63.948  -48.874  -48.290  -47.935  -37.476  -37.469  -37.451
  -28.422  -28.400  -28.310  -28.299  -28.229  -28.191   -7.551   -7.513   -7.128   -6.985
   -6.580   -6.467   -6.219   -6.150    3.276    3.421    3.559    3.828    3.981    4.470
    4.703    4.783    5.082    5.323    5.629    5.785    6.061    6.194    6.364    6.722
    6.827    7.099    7.462    7.634    7.852    7.913    8.146    8.395    8.640    8.824
    8.939    9.260    9.336    9.587    9.701    9.930   10.876   11.123   13.738   13.982
   14.219   14.356   14.426   14.592   17.713   17.940   18.733   19.388   19.814   20.169
   20.931   21.431   22.615   22.687   23.492   23.866   24.112   24.252   25.250   25.583
            0.176143  0.143184  0.467108
  -84.869  -68.415  -63.949  -63.948  -48.874  -48.290  -47.935  -37.476  -37.469  -37.451
  -28.422  -28.401  -28.310  -28.299  -28.229  -28.191   -7.539   -7.492   -7.133   -6.964
   -6.614   -6.476   -6.226   -6.159    3.285    3.440    3.573    3.864    4.021    4.430
    4.708    4.784    5.036    5.328    5.600    5.813    6.011    6.221    6.425    6.709
    6.773    7.113    7.462    7.638    7.804    7.936    8.169    8.362    8.628    8.827
    8.904    9.244    9.343    9.569    9.765    9.965   10.845   11.109   13.713   13.984
   14.250   14.387   14.447   14.601   17.685   17.963   18.676   19.516   19.828   20.185
   20.842   21.401   22.503   22.585   23.490   23.963   24.168   24.268   25.152   25.598
            0.201144  0.163639  0.467412
  -84.869  -68.415  -63.949  -63.948  -48.874  -48.290  -47.935  -37.476  -37.469  -37.451
  -28.422  -28.401  -28.310  -28.299  -28.229  -28.191   -7.526   -7.470   -7.140   -6.943
   -6.647   -6.485   -6.234   -6.167    3.292    3.460    3.586    3.896    4.063    4.397
    4.688    4.798    4.998    5.326    5.564    5.826    5.995    6.259    6.485    6.650
    6.764    7.140    7.447    7.659    7.748    7.963    8.198    8.326    8.614    8.814
    8.886    9.218    9.349    9.551    9.820    9.987   10.812   11.091   13.697   13.983
   14.278   14.399   14.489   14.613   17.652   17.986   18.630   19.642   19.858   20.200
   20.765   21.369   22.393   22.489   23.472   24.039   24.122   24.368   25.071   25.641
            0.226145  0.184094  0.467717
  -84.869  -68.415  -63.949  -63.948  -48.874  -48.290  -47.935  -37.476  -37.469  -37.451
  -28.422  -28.401  -28.310  -28.299  -28.229  -28.191   -7.514   -7.448   -7.147   -6.926
   -6.673   -6.495   -6.242   -6.174    3.297    3.478    3.598    3.920    4.100    4.377
    4.655    4.786    4.988    5.320    5.540    5.818    6.014    6.302    6.511    6.607
    6.774    7.176    7.423    7.680    7.709    7.989    8.220    8.297    8.598    8.792
    8.881    9.188    9.350    9.536    9.861    9.989   10.780   11.070   13.692   13.978
   14.305   14.401   14.539   14.627   17.615   17.997   18.611   19.748   19.912   20.216
   20.706   21.335   22.290   22.400   23.437   23.980   24.178   24.465   25.019   25.694
            0.251145  0.204549  0.468021
  -84.869  -68.415  -63.949  -63.948  -48.874  -48.290  -47.935  -37.476  -37.469  -37.451
  -28.422  -28.401  -28.310  -28.299  -28.229  -28.191   -7.503   -7.427   -7.153   -6.921
   -6.687   -6.504   -6.250   -6.180    3.300    3.493    3.610    3.937    4.127    4.374
    4.613    4.745    5.001    5.316    5.535    5.809    6.039    6.343    6.491    6.613
    6.802    7.221    7.390    7.648    7.735    8.014    8.207    8.302    8.582    8.771
    8.877    9.156    9.345    9.527    9.883    9.972   10.748   11.044   13.698   13.972
   14.335   14.399   14.587   14.640   17.576   17.984   18.632   19.815   20.001   20.237
   20.667   21.301   22.196   22.318   23.382   23.880   24.261   24.540   25.004   25.725
            0.276146  0.225004  0.468325
  -84.869  -68.415  -63.949  -63.949  -48.874  -48.290  -47.935  -37.476  -37.469  -37.451
  -28.423  -28.401  -28.310  -28.300  -28.228  -28.190   -7.493   -7.409   -7.158   -6.929
   -6.685   -6.512   -6.258   -6.184    3.301    3.503    3.623    3.946    4.139    4.387
    4.566    4.693    5.011    5.319    5.552    5.811    6.047    6.366    6.495    6.622
    6.843    7.269    7.354    7.620    7.765    8.034    8.175    8.333    8.568    8.757
    8.869    9.124    9.336    9.522    9.864    9.963   10.715   11.012   13.712   13.964
   14.366   14.396   14.627   14.656   17.537   17.949   18.691   19.852   20.101   20.273
   20.649   21.269   22.109   22.241   23.303   23.786   24.329   24.595   25.026   25.723
            0.301147  0.245459  0.468630
  -84.869  -68.415  -63.949  -63.949  -48.874  -48.290  -47.935  -37.476  -37.469  -37.451
  -28.423  -28.402  -28.310  -28.300  -28.228  -28.190   -7.484   -7.395   -7.159   -6.950
   -6.669   -6.519   -6.264   -6.188    3.299    3.507    3.637    3.948    4.138    4.401
    4.524    4.641    5.013    5.325    5.587    5.828    6.029    6.385    6.527    6.637
    6.888    7.309    7.323    7.605    7.782    8.042    8.157    8.372    8.562    8.746
    8.859    9.094    9.324    9.516    9.798    9.972   10.681   10.970   13.734   13.957
   14.388   14.403   14.647   14.683   17.499   17.899   18.777   19.872   20.177   20.343
   20.652   21.241   22.033   22.170   23.203   23.703   24.375   24.646   25.069   25.708
            0.326148  0.265913  0.468934
  -84.869  -68.415  -63.949  -63.949  -48.874  -48.290  -47.935  -37.476  -37.469  -37.451
  -28.423  -28.402  -28.311  -28.300  -28.228  -28.190   -7.477   -7.385   -7.157   -6.977
   -6.646   -6.525   -6.269   -6.191    3.294    3.506    3.652    3.946    4.132    4.387
    4.506    4.595    5.012    5.328    5.631    5.863    5.994    6.406    6.561    6.677
    6.930    7.283    7.350    7.597    7.779    8.038    8.163    8.416    8.568    8.732
    8.850    9.068    9.309    9.504    9.715    9.986   10.644   10.916   13.758   13.952
   14.389   14.434   14.654   14.712   17.467   17.843   18.879   19.878   20.226   20.439
   20.673   21.220   21.966   22.105   23.091   23.627   24.402   24.704   25.112   25.699
            0.351149  0.286368  0.469238
  -84.869  -68.415  -63.949  -63.949  -48.874  -48.290  -47.935  -37.476  -37.469  -37.451
  -28.423  -28.402  -28.311  -28.300  -28.228  -28.190   -7.471   -7.379   -7.153   -7.005
   -6.622   -6.529   -6.273   -6.193    3.287    3.501    3.669    3.941    4.125    4.349
    4.486    4.581    5.007    5.331    5.672    5.903    5.964    6.417    6.607    6.738
    6.969    7.258    7.367    7.594    7.754    8.032    8.186    8.457    8.586    8.718
    8.849    9.049    9.291    9.473    9.641   10.000   10.605   10.849   13.783   13.949
   14.393   14.466   14.655   14.736   17.441   17.787   18.988   19.872   20.269   20.539
   20.708   21.207   21.911   22.046   22.978   23.549   24.426   24.761   25.140   25.711
            0.376150  0.306823  0.469543
  -84.869  -68.415  -63.949  -63.949  -48.874  -48.290  -47.935  -37.476  -37.469  -37.451
  -28.423  -28.402  -28.311  -28.300  -28.228  -28.190   -7.467   -7.377   -7.147   -7.030
   -6.599   -6.531   -6.275   -6.195    3.276    3.494    3.687    3.935    4.120    4.308
    4.443    4.597    4.997    5.336    5.708    5.902    5.985    6.417    6.666    6.806
    7.007    7.240    7.365    7.593    7.715    8.027    8.220    8.481    8.601    8.721
    8.862    9.040    9.264    9.415    9.595   10.013   10.567   10.770   13.804   13.948
   14.402   14.494   14.653   14.753   17.425   17.734   19.098   19.853   20.315   20.626
   20.752   21.200   21.870   21.995   22.877   23.462   24.457   24.807   25.159   25.737
            0.401150  0.327278  0.469847
  -84.869  -68.415  -63.949  -63.949  -48.874  -48.290  -47.935  -37.476  -37.469  -37.451
  -28.423  -28.402  -28.311  -28.300  -28.228  -28.190   -7.464   -7.377   -7.142   -7.051
   -6.580   -6.531   -6.275   -6.195    3.264    3.486    3.703    3.930    4.113    4.272
    4.399    4.621    4.980    5.343    5.744    5.879    6.026    6.419    6.723    6.875
    7.047    7.230    7.350    7.593    7.671    8.020    8.259    8.485    8.589    8.752
    8.889    9.050    9.216    9.359    9.571   10.024   10.529   10.684   13.821   13.948
   14.417   14.518   14.649   14.763   17.417   17.684   19.205   19.821   20.365   20.694
   20.799   21.196   21.840   21.955   22.801   23.364   24.501   24.829   25.180   25.694
            0.426151  0.347733  0.470151
  -84.869  -68.415  -63.949  -63.949  -48.874  -48.290  -47.935  -37.476  -37.469  -37.451
  -28.423  -28.402  -28.311  -28.300  -28.228  -28.190   -7.463   -7.378   -7.140   -7.064
   -6.568   -6.529   -6.275   -6.196    3.252    3.479    3.718    3.928    4.104    4.245
    4.362    4.646    4.956    5.349    5.781    5.862    6.053    6.430    6.767    6.936
    7.090    7.229    7.329    7.583    7.641    8.010    8.298    8.471    8.563    8.780
    8.921    9.088    9.155    9.324    9.550   10.035   10.496   10.597   13.834   13.946
   14.438   14.535   14.645   14.767   17.419   17.638   19.307   19.780   20.415   20.738
   20.848   21.190   21.818   21.927   22.761   23.253   24.558   24.827   25.208   25.597
            0.451152  0.368188  0.470455
  -84.869  -68.415  -63.949  -63.949  -48.874  -48.290  -47.935  -37.476  -37.469  -37.451
  -28.424  -28.402  -28.311  -28.300  -28.228  -28.190   -7.463   -7.379   -7.141   -7.071
   -6.560   -6.525   -6.274   -6.196    3.241    3.474    3.730    3.929    4.090    4.230
    4.333    4.668    4.932    5.354    5.817    5.853    6.062    6.449    6.795    6.977
    7.131    7.239    7.311    7.547    7.643    7.999    8.333    8.448    8.537    8.795
    8.948    9.079    9.173    9.304    9.527   10.044   10.468   10.521   13.844   13.943
   14.463   14.540   14.645   14.766   17.428   17.599   19.400   19.729   20.460   20.762
   20.894   21.180   21.800   21.911   22.766   23.134   24.624   24.809   25.231   25.515
            0.476153  0.388643  0.470760
  -84.869  -68.415  -63.949  -63.949  -48.874  -48.290  -47.935  -37.476  -37.469  -37.451
  -28.424  -28.402  -28.311  -28.300  -28.228  -28.190   -7.463   -7.380   -7.143   -7.074
   -6.556   -6.522   -6.273   -6.196    3.233    3.471    3.737    3.933    4.076    4.225
    4.315    4.683    4.913    5.356    5.839    5.854    6.060    6.467    6.811    6.995
    7.158    7.255    7.308    7.510    7.653    7.991    8.358    8.426    8.518    8.800
    8.971    9.034    9.241    9.291    9.502   10.051   10.450   10.467   13.851   13.940
   14.487   14.532   14.647   14.764   17.440   17.570   19.480   19.675   20.493   20.771
   20.928   21.169   21.789   21.900   22.816   23.014   24.689   24.782   25.236   25.468
            0.501154  0.409098  0.471064
  -84.869  -68.415  -63.949  -63.949  -48.874  -48.290  -47.935  -37.476  -37.469  -37.451
  -28.424  -28.402  -28.311  -28.300  -28.228  -28.190   -7.463   -7.380   -7.144   -7.075
   -6.555   -6.520   -6.273   -6.195    3.231    3.469    3.739    3.935    4.070    4.224
    4.309    4.689    4.906    5.357    5.840    5.861    6.057    6.474    6.816    6.999
    7.168    7.259    7.313    7.494    7.658    7.988    8.367    8.417    8.510    8.801
    8.991    9.006    9.278    9.282    9.488   10.053   10.441   10.451   13.853   13.938
   14.504   14.521   14.649   14.763   17.446   17.558   19.522   19.641   20.505   20.773
   20.940   21.164   21.785   21.896   22.897   22.911   24.743   24.743   25.232   25.455
