 &plot nbnd=  80, nks=   101 /
            0.000000  0.000000  0.000000
  -91.705  -68.886  -64.320  -64.308  -52.145  -52.141  -52.128  -37.942  -37.933  -37.917
  -28.759  -28.704  -28.673  -28.611  -28.597  -28.534   -8.587   -7.306   -7.013   -6.987
   -6.844   -6.755   -6.492   -6.232    3.340    3.544    3.969    4.018    4.245    4.662
    4.840    5.308    5.498    5.513    5.626    5.942    6.419    6.556    6.570    6.741
    6.809    6.924    7.450    7.464    7.795    8.001    8.158    8.243    8.635    8.694
    8.835    9.062    9.431    9.523    9.756   10.328   13.091   13.471   13.629   13.891
   14.221   14.535   15.297   15.476   16.100   17.465   18.386   18.819   18.861   20.914
   20.997   21.402   21.615   22.538   22.613   22.895   24.155   24.197   24.277   24.608
            0.000000  0.020495  0.000000
  -91.705  -68.886  -64.320  -64.308  -52.145  -52.141  -52.128  -37.942  -37.933  -37.917
  -28.759  -28.704  -28.673  -28.611  -28.597  -28.534   -8.586   -7.307   -7.013   -6.990
   -6.844   -6.753   -6.492   -6.231    3.342    3.546    3.970    4.018    4.245    4.662
    4.842    5.307    5.493    5.512    5.623    5.944    6.411    6.551    6.574    6.743
    6.806    6.928    7.457    7.465    7.797    7.998    8.154    8.244    8.635    8.694
    8.834    9.062    9.429    9.522    9.759   10.330   13.092   13.469   13.629   13.894
   14.222   14.533   15.298   15.476   16.107   17.466   18.377   18.819   18.865   20.913
   20.982   21.411   21.623   22.540   22.615   22.893   24.151   24.195   24.274   24.611
            0.000000  0.040990  0.000000
  -91.705  -68.886  -64.320  -64.308  -52.145  -52.141  -52.128  -37.942  -37.933  -37.917
  -28.759  -28.704  -28.673  -28.611  -28.597  -28.534   -8.582   -7.308   -7.014   -6.999
   -6.846   -6.747   -6.491   -6.229    3.347    3.552    3.976    4.018    4.247    4.665
    4.850    5.301    5.477    5.511    5.615    5.950    6.392    6.539    6.581    6.748
    6.798    6.939    7.466    7.478    7.801    7.987    8.143    8.248    8.635    8.691
    8.836    9.061    9.424    9.517    9.769   10.334   13.092   13.463   13.630   13.901
   14.225   14.528   15.301   15.473   16.128   17.468   18.350   18.816   18.878   20.913
   20.941   21.437   21.645   22.546   22.622   22.891   24.139   24.190   24.264   24.620
            0.000000  0.061486  0.000000
  -91.705  -68.886  -64.320  -64.308  -52.145  -52.141  -52.128  -37.942  -37.933  -37.917
  -28.759  -28.704  -28.673  -28.611  -28.597  -28.534   -8.575   -7.311   -7.014   -7.014
   -6.848   -6.739   -6.491   -6.226    3.356    3.561    3.985    4.018    4.249    4.669
    4.863    5.292    5.453    5.510    5.601    5.959    6.366    6.519    6.581    6.755
    6.793    6.955    7.470    7.508    7.807    7.969    8.128    8.254    8.633    8.677
    8.845    9.059    9.415    9.510    9.784   10.342   13.092   13.455   13.631   13.913
   14.230   14.519   15.305   15.468   16.163   17.471   18.310   18.813   18.895   20.880
   20.914   21.478   21.676   22.555   22.635   22.887   24.120   24.181   24.246   24.635
            0.000000  0.081981  0.000000
  -91.705  -68.886  -64.320  -64.308  -52.145  -52.141  -52.128  -37.942  -37.933  -37.917
  -28.759  -28.704  -28.673  -28.611  -28.597  -28.534   -8.566   -7.316   -7.031   -7.015
   -6.851   -6.730   -6.491   -6.221    3.369    3.575    3.997    4.019    4.252    4.674
    4.881    5.277    5.421    5.509    5.583    5.968    6.337    6.496    6.569    6.763
    6.797    6.977    7.475    7.544    7.815    7.944    8.111    8.262    8.632    8.648
    8.864    9.056    9.404    9.500    9.805   10.353   13.092   13.445   13.633   13.928
   14.238   14.508   15.310   15.462   16.211   17.475   18.259   18.807   18.914   20.806
   20.920   21.531   21.708   22.564   22.654   22.884   24.094   24.171   24.219   24.656
            0.000000  0.102476  0.000000
  -91.705  -68.886  -64.320  -64.308  -52.145  -52.141  -52.128  -37.942  -37.933  -37.917
  -28.759  -28.704  -28.673  -28.611  -28.597  -28.534   -8.554   -7.324   -7.049   -7.016
   -6.855   -6.720   -6.491   -6.216    3.386    3.592    4.012    4.019    4.256    4.680
    4.903    5.258    5.382    5.512    5.561    5.975    6.308    6.469    6.546    6.770
    6.812    7.001    7.485    7.580    7.825    7.915    8.094    8.272    8.605    8.629
    8.893    9.052    9.390    9.488    9.830   10.365   13.091   13.434   13.635   13.945
   14.248   14.493   15.318   15.455   16.270   17.481   18.201   18.799   18.931   20.722
   20.932   21.594   21.737   22.569   22.679   22.885   24.061   24.159   24.182   24.681
            0.000000  0.122971  0.000000
  -91.705  -68.886  -64.320  -64.308  -52.145  -52.141  -52.128  -37.942  -37.933  -37.917
  -28.759  -28.704  -28.673  -28.611  -28.598  -28.535   -8.539   -7.335   -7.066   -7.017
   -6.859   -6.710   -6.491   -6.209    3.406    3.612    4.020    4.030    4.261    4.686
    4.927    5.233    5.339    5.516    5.536    5.979    6.283    6.441    6.516    6.776
    6.833    7.027    7.499    7.609    7.835    7.888    8.079    8.283    8.552    8.625
    8.926    9.047    9.375    9.474    9.858   10.380   13.088   13.426   13.637   13.964
   14.260   14.475   15.326   15.445   16.341   17.487   18.138   18.789   18.945   20.633
   20.953   21.665   21.762   22.570   22.709   22.895   24.019   24.136   24.148   24.710
            0.000000  0.143466  0.000000
  -91.705  -68.886  -64.320  -64.308  -52.145  -52.141  -52.128  -37.942  -37.933  -37.917
  -28.759  -28.703  -28.673  -28.611  -28.598  -28.535   -8.522   -7.350   -7.082   -7.019
   -6.864   -6.702   -6.491   -6.202    3.430    3.637    4.020    4.051    4.267    4.693
    4.952    5.204    5.294    5.510    5.523    5.974    6.262    6.411    6.485    6.781
    6.857    7.054    7.517    7.622    7.846    7.871    8.064    8.296    8.491    8.620
    8.961    9.041    9.358    9.458    9.889   10.397   13.084   13.420   13.639   13.984
   14.274   14.454   15.336   15.435   16.423   17.494   18.072   18.775   18.956   20.541
   20.984   21.743   21.781   22.566   22.738   22.918   23.967   24.083   24.138   24.742
            0.000000  0.163961  0.000000
  -91.705  -68.886  -64.320  -64.308  -52.145  -52.141  -52.128  -37.942  -37.933  -37.917
  -28.759  -28.703  -28.673  -28.612  -28.598  -28.535   -8.504   -7.370   -7.094   -7.021
   -6.868   -6.694   -6.491   -6.195    3.456    3.664    4.021    4.074    4.275    4.699
    4.974    5.172    5.249    5.484    5.532    5.960    6.248    6.381    6.457    6.785
    6.882    7.080    7.540    7.611    7.859    7.870    8.051    8.308    8.426    8.613
    8.996    9.033    9.342    9.440    9.922   10.414   13.077   13.419   13.641   14.003
   14.290   14.431   15.346   15.423   16.513   17.501   18.005   18.758   18.962   20.449
   21.024   21.793   21.825   22.555   22.764   22.956   23.902   24.028   24.128   24.774
            0.000000  0.184457  0.000000
  -91.705  -68.886  -64.320  -64.308  -52.145  -52.141  -52.128  -37.942  -37.933  -37.917
  -28.759  -28.703  -28.673  -28.612  -28.598  -28.535   -8.483   -7.394   -7.102   -7.022
   -6.873   -6.688   -6.491   -6.187    3.486    3.694    4.021    4.098    4.283    4.705
    4.987    5.138    5.210    5.462    5.542    5.934    6.243    6.352    6.434    6.786
    6.906    7.105    7.568    7.580    7.872    7.883    8.039    8.321    8.358    8.603
    9.024    9.031    9.326    9.423    9.956   10.433   13.067   13.423   13.643   14.022
   14.308   14.407   15.357   15.410   16.611   17.509   17.937   18.735   18.964   20.358
   21.075   21.800   21.910   22.538   22.787   23.009   23.821   23.973   24.121   24.804
            0.000000  0.204952  0.000000
  -91.705  -68.886  -64.320  -64.308  -52.145  -52.141  -52.128  -37.942  -37.933  -37.917
  -28.759  -28.702  -28.673  -28.612  -28.599  -28.535   -8.460   -7.422   -7.108   -7.024
   -6.878   -6.683   -6.491   -6.179    3.519    3.727    4.021    4.123    4.293    4.708
    4.985    5.103    5.181    5.446    5.553    5.899    6.242    6.323    6.418    6.787
    6.929    7.129    7.535    7.599    7.886    7.901    8.029    8.293    8.332    8.592
    9.014    9.063    9.311    9.405    9.990   10.452   13.054   13.432   13.644   14.040
   14.327   14.380   15.369   15.397   16.716   17.517   17.871   18.707   18.962   20.270
   21.135   21.803   21.998   22.517   22.809   23.072   23.727   23.917   24.115   24.828
            0.000000  0.225447  0.000000
  -91.705  -68.886  -64.320  -64.308  -52.145  -52.141  -52.128  -37.942  -37.933  -37.917
  -28.759  -28.702  -28.673  -28.612  -28.599  -28.535   -8.436   -7.454   -7.110   -7.026
   -6.882   -6.679   -6.491   -6.171    3.554    3.762    4.021    4.148    4.303    4.708
    4.965    5.068    5.162    5.442    5.564    5.859    6.244    6.297    6.411    6.787
    6.948    7.150    7.484    7.633    7.901    7.914    8.018    8.235    8.343    8.577
    9.004    9.093    9.297    9.387   10.024   10.471   13.039   13.446   13.645   14.055
   14.348   14.353   15.380   15.382   16.826   17.525   17.808   18.672   18.957   20.187
   21.204   21.801   22.087   22.493   22.830   23.143   23.623   23.861   24.112   24.840
            0.000000  0.245942  0.000000
  -91.705  -68.886  -64.320  -64.308  -52.145  -52.141  -52.128  -37.942  -37.933  -37.917
  -28.759  -28.702  -28.673  -28.612  -28.599  -28.535   -8.411   -7.487   -7.110   -7.029
   -6.886   -6.677   -6.492   -6.164    3.591    3.799    4.021    4.172    4.314    4.701
    4.934    5.034    5.148    5.448    5.574    5.817    6.244    6.272    6.413    6.786
    6.964    7.168    7.431    7.669    7.915    7.918    8.005    8.193    8.351    8.560
    8.992    9.120    9.285    9.371   10.058   10.489   13.023   13.465   13.646   14.068
   14.327   14.369   15.368   15.392   16.941   17.533   17.748   18.629   18.950   20.111
   21.282   21.796   22.176   22.468   22.851   23.219   23.512   23.803   24.111   24.835
            0.000000  0.266437  0.000000
  -91.705  -68.886  -64.320  -64.308  -52.145  -52.141  -52.128  -37.942  -37.933  -37.917
  -28.758  -28.702  -28.673  -28.612  -28.600  -28.535   -8.386   -7.521   -7.108   -7.031
   -6.890   -6.675   -6.492   -6.157    3.630    3.837    4.022    4.195    4.325    4.685
    4.902    5.002    5.137    5.460    5.583    5.779    6.242    6.250    6.423    6.785
    6.974    7.184    7.380    7.705    7.900    7.936    7.986    8.174    8.359    8.541
    8.981    9.144    9.273    9.357   10.089   10.506   13.006   13.487   13.646   14.076
   14.302   14.390   15.353   15.403   17.058   17.541   17.692   18.578   18.942   20.041
   21.366   21.790   22.264   22.443   22.871   23.297   23.397   23.744   24.112   24.811
            0.000000  0.286932  0.000000
  -91.705  -68.886  -64.320  -64.308  -52.145  -52.141  -52.128  -37.942  -37.933  -37.917
  -28.758  -28.701  -28.673  -28.612  -28.600  -28.535   -8.361   -7.555   -7.106   -7.033
   -6.893   -6.674   -6.492   -6.151    3.669    3.875    4.022    4.216    4.336    4.658
    4.872    4.973    5.131    5.469    5.591    5.752    6.230    6.237    6.441    6.783
    6.978    7.198    7.334    7.741    7.867    7.954    7.968    8.174    8.364    8.521
    8.970    9.166    9.263    9.344   10.118   10.522   12.990   13.512   13.646   14.079
   14.280   14.411   15.339   15.412   17.177   17.549   17.642   18.518   18.933   19.981
   21.456   21.782   22.348   22.420   22.890   23.282   23.376   23.683   24.116   24.767
            0.000000  0.307428  0.000000
  -91.705  -68.886  -64.320  -64.308  -52.145  -52.141  -52.128  -37.942  -37.933  -37.917
  -28.758  -28.701  -28.673  -28.612  -28.600  -28.535   -8.336   -7.587   -7.103   -7.034
   -6.896   -6.674   -6.492   -6.145    3.708    3.913    4.022    4.235    4.346    4.624
    4.844    4.946    5.132    5.465    5.597    5.742    6.214    6.231    6.463    6.782
    6.972    7.209    7.296    7.774    7.823    7.956    7.973    8.183    8.367    8.499
    8.959    9.183    9.254    9.334   10.144   10.536   12.975   13.538   13.646   14.077
   14.263   14.431   15.326   15.421   17.295   17.558   17.597   18.449   18.924   19.930
   21.549   21.775   22.399   22.425   22.907   23.170   23.453   23.621   24.123   24.708
            0.000000  0.327923  0.000000
  -91.705  -68.886  -64.320  -64.308  -52.145  -52.141  -52.128  -37.942  -37.933  -37.917
  -28.758  -28.701  -28.673  -28.612  -28.600  -28.535   -8.313   -7.617   -7.100   -7.036
   -6.898   -6.674   -6.492   -6.140    3.745    3.948    4.023    4.250    4.355    4.585
    4.818    4.923    5.144    5.443    5.602    5.749    6.200    6.224    6.489    6.781
    6.958    7.218    7.269    7.776    7.804    7.947    7.992    8.195    8.368    8.479
    8.949    9.198    9.246    9.326   10.166   10.549   12.961   13.564   13.646   14.069
   14.251   14.448   15.314   15.429   17.407   17.560   17.572   18.372   18.915   19.888
   21.643   21.767   22.380   22.490   22.921   23.070   23.526   23.561   24.134   24.639
            0.000000  0.348418  0.000000
  -91.705  -68.886  -64.320  -64.308  -52.145  -52.141  -52.128  -37.942  -37.933  -37.917
  -28.758  -28.701  -28.673  -28.612  -28.601  -28.535   -8.294   -7.642   -7.097   -7.037
   -6.900   -6.675   -6.492   -6.137    3.777    3.980    4.023    4.262    4.363    4.549
    4.795    4.905    5.165    5.407    5.605    5.767    6.190    6.217    6.514    6.780
    6.936    7.224    7.252    7.735    7.830    7.941    8.009    8.206    8.368    8.460
    8.941    9.210    9.240    9.320   10.184   10.559   12.950   13.587   13.645   14.057
   14.245   14.463   15.304   15.435   17.495   17.530   17.605   18.288   18.908   19.856
   21.732   21.761   22.366   22.535   22.932   22.990   23.505   23.591   24.150   24.566
            0.000000  0.368913  0.000000
  -91.705  -68.886  -64.320  -64.308  -52.145  -52.141  -52.128  -37.942  -37.933  -37.917
  -28.758  -28.701  -28.673  -28.612  -28.601  -28.535   -8.278   -7.661   -7.095   -7.038
   -6.901   -6.675   -6.492   -6.134    3.804    4.005    4.024    4.269    4.368    4.518
    4.775    4.892    5.194    5.366    5.608    5.786    6.183    6.211    6.537    6.779
    6.912    7.229    7.243    7.703    7.849    7.937    8.023    8.215    8.367    8.445
    8.935    9.218    9.235    9.316   10.197   10.566   12.942   13.606   13.645   14.045
   14.241   14.474   15.297   15.440   17.509   17.532   17.680   18.202   18.903   19.833
   21.756   21.811   22.355   22.552   22.941   22.941   23.457   23.643   24.171   24.497
            0.000000  0.389408  0.000000
  -91.705  -68.886  -64.320  -64.308  -52.145  -52.141  -52.128  -37.942  -37.933  -37.917
  -28.758  -28.701  -28.673  -28.612  -28.601  -28.535   -8.269   -7.673   -7.094   -7.039
   -6.902   -6.675   -6.492   -6.132    3.821    4.021    4.024    4.274    4.372    4.498
    4.762    4.883    5.228    5.323    5.609    5.800    6.178    6.208    6.554    6.779
    6.894    7.232    7.239    7.683    7.861    7.934    8.032    8.221    8.366    8.435
    8.931    9.223    9.233    9.314   10.205   10.570   12.937   13.619   13.645   14.036
   14.240   14.480   15.292   15.442   17.496   17.543   17.763   18.125   18.899   19.820
   21.753   21.867   22.348   22.547   22.922   22.946   23.424   23.677   24.193   24.443
            0.000000  0.409903  0.000000
  -91.705  -68.886  -64.320  -64.308  -52.145  -52.141  -52.128  -37.942  -37.933  -37.917
  -28.758  -28.701  -28.673  -28.612  -28.601  -28.535   -8.265   -7.678   -7.093   -7.039
   -6.902   -6.675   -6.492   -6.131    3.827    4.024    4.027    4.275    4.373    4.491
    4.757    4.881    5.254    5.295    5.609    5.805    6.177    6.206    6.560    6.779
    6.886    7.233    7.238    7.676    7.865    7.933    8.035    8.223    8.365    8.432
    8.930    9.224    9.232    9.313   10.208   10.572   12.935   13.624   13.645   14.032
   14.240   14.483   15.291   15.443   17.491   17.545   17.802   18.089   18.898   19.815
   21.752   21.888   22.346   22.541   22.919   22.948   23.412   23.688   24.205   24.420
            0.025000  0.409903  0.000198
  -91.705  -68.886  -64.320  -64.308  -52.145  -52.141  -52.128  -37.942  -37.933  -37.917
  -28.758  -28.701  -28.673  -28.612  -28.601  -28.535   -8.264   -7.677   -7.095   -7.038
   -6.903   -6.675   -6.492   -6.133    3.826    4.023    4.029    4.279    4.351    4.509
    4.751    4.886    5.260    5.298    5.607    5.800    6.147    6.240    6.565    6.779
    6.890    7.193    7.278    7.669    7.862    7.929    8.029    8.228    8.368    8.436
    8.928    9.211    9.247    9.312   10.209   10.568   12.937   13.623   13.644   14.036
   14.239   14.481   15.280   15.451   17.496   17.548   17.807   18.076   18.910   19.816
   21.724   21.898   22.350   22.540   22.876   22.982   23.429   23.692   24.206   24.423
            0.049999  0.409903  0.000395
  -91.705  -68.886  -64.320  -64.308  -52.145  -52.141  -52.128  -37.942  -37.933  -37.917
  -28.758  -28.701  -28.673  -28.612  -28.601  -28.535   -8.261   -7.675   -7.100   -7.035
   -6.905   -6.675   -6.489   -6.138    3.824    4.018    4.036    4.290    4.306    4.538
    4.737    4.899    5.269    5.317    5.602    5.785    6.115    6.282    6.578    6.781
    6.900    7.156    7.318    7.650    7.851    7.917    8.015    8.238    8.373    8.447
    8.920    9.196    9.266    9.307   10.212   10.557   12.943   13.622   13.640   14.048
   14.239   14.474   15.254   15.470   17.509   17.558   17.822   18.042   18.944   19.817
   21.661   21.908   22.362   22.539   22.819   23.011   23.478   23.702   24.211   24.431
            0.074999  0.409903  0.000593
  -91.705  -68.886  -64.320  -64.308  -52.145  -52.141  -52.128  -37.942  -37.933  -37.917
  -28.758  -28.701  -28.673  -28.612  -28.601  -28.535   -8.255   -7.672   -7.107   -7.030
   -6.908   -6.673   -6.486   -6.145    3.819    4.006    4.047    4.260    4.309    4.557
    4.728    4.917    5.268    5.358    5.594    5.759    6.093    6.319    6.599    6.783
    6.914    7.131    7.352    7.625    7.827    7.904    7.996    8.249    8.379    8.467
    8.907    9.186    9.282    9.303   10.218   10.539   12.952   13.621   13.635   14.065
   14.239   14.463   15.220   15.491   17.530   17.574   17.842   17.996   18.995   19.820
   21.581   21.901   22.380   22.536   22.767   23.025   23.551   23.720   24.216   24.445
            0.099999  0.409903  0.000790
  -91.705  -68.886  -64.320  -64.308  -52.145  -52.141  -52.128  -37.942  -37.933  -37.917
  -28.758  -28.701  -28.673  -28.612  -28.601  -28.535   -8.248   -7.668   -7.117   -7.025
   -6.914   -6.672   -6.482   -6.156    3.814    3.983    4.060    4.223    4.332    4.555
    4.734    4.941    5.261    5.411    5.588    5.726    6.080    6.346    6.619    6.790
    6.928    7.125    7.374    7.600    7.790    7.891    7.974    8.259    8.382    8.494
    8.891    9.178    9.285    9.311   10.224   10.514   12.965   13.618   13.628   14.086
   14.242   14.448   15.184   15.510   17.558   17.597   17.843   17.969   19.055   19.823
   21.494   21.874   22.399   22.529   22.725   23.027   23.639   23.746   24.222   24.468
            0.124998  0.409903  0.000988
  -91.705  -68.886  -64.320  -64.308  -52.145  -52.141  -52.128  -37.942  -37.933  -37.917
  -28.758  -28.701  -28.673  -28.612  -28.601  -28.535   -8.239   -7.663   -7.127   -7.019
   -6.920   -6.669   -6.477   -6.169    3.808    3.946    4.074    4.204    4.360    4.539
    4.751    4.968    5.253    5.468    5.583    5.693    6.072    6.364    6.623    6.812
    6.942    7.141    7.375    7.588    7.746    7.874    7.950    8.265    8.382    8.524
    8.871    9.172    9.282    9.329   10.231   10.484   12.980   13.614   13.621   14.107
   14.250   14.428   15.148   15.526   17.589   17.626   17.797   17.995   19.122   19.828
   21.403   21.829   22.414   22.518   22.695   23.022   23.723   23.789   24.225   24.500
            0.149998  0.409903  0.001185
  -91.705  -68.886  -64.320  -64.308  -52.145  -52.141  -52.128  -37.942  -37.933  -37.917
  -28.758  -28.701  -28.673  -28.612  -28.601  -28.535   -8.228   -7.657   -7.139   -7.013
   -6.928   -6.665   -6.473   -6.184    3.801    3.897    4.086    4.204    4.389    4.520
    4.772    4.999    5.244    5.517    5.578    5.675    6.064    6.376    6.603    6.849
    6.963    7.175    7.351    7.595    7.699    7.847    7.925    8.268    8.381    8.554
    8.851    9.166    9.283    9.348   10.238   10.448   12.997   13.605   13.617   14.120
   14.268   14.405   15.115   15.537   17.615   17.663   17.734   18.053   19.192   19.834
   21.311   21.771   22.420   22.502   22.679   23.013   23.781   23.865   24.222   24.543
            0.174998  0.409903  0.001383
  -91.705  -68.886  -64.320  -64.308  -52.145  -52.141  -52.128  -37.942  -37.933  -37.917
  -28.758  -28.701  -28.673  -28.612  -28.601  -28.535   -8.215   -7.650   -7.151   -7.007
   -6.936   -6.661   -6.469   -6.201    3.790    3.845    4.093    4.218    4.408    4.515
    4.791    5.032    5.239    5.538    5.573    5.697    6.052    6.381    6.565    6.884
    7.004    7.219    7.306    7.617    7.653    7.808    7.902    8.267    8.378    8.582
    8.832    9.157    9.291    9.370   10.244   10.409   13.015   13.593   13.614   14.125
   14.295   14.380   15.087   15.544   17.600   17.697   17.716   18.127   19.262   19.842
   21.218   21.704   22.413   22.483   22.672   23.006   23.824   23.955   24.210   24.597
            0.199997  0.409903  0.001581
  -91.705  -68.886  -64.320  -64.308  -52.145  -52.141  -52.128  -37.942  -37.933  -37.917
  -28.758  -28.701  -28.674  -28.613  -28.601  -28.535   -8.201   -7.642   -7.164   -7.001
   -6.945   -6.656   -6.466   -6.219    3.755    3.814    4.095    4.243    4.410    4.535
    4.805    5.064    5.238    5.523    5.582    5.754    6.035    6.383    6.518    6.900
    7.070    7.248    7.268    7.597    7.658    7.758    7.883    8.262    8.375    8.606
    8.816    9.145    9.302    9.395   10.249   10.367   13.034   13.581   13.612   14.120
   14.325   14.358   15.063   15.545   17.531   17.724   17.764   18.212   19.331   19.852
   21.126   21.631   22.394   22.463   22.669   23.003   23.865   24.038   24.183   24.661
            0.224997  0.409903  0.001778
  -91.705  -68.886  -64.320  -64.308  -52.145  -52.141  -52.128  -37.942  -37.933  -37.917
  -28.758  -28.701  -28.674  -28.613  -28.601  -28.536   -8.186   -7.633   -7.178   -6.996
   -6.953   -6.650   -6.464   -6.237    3.699    3.805    4.093    4.270    4.405    4.573
    4.812    5.093    5.246    5.501    5.599    5.824    6.010    6.382    6.470    6.900
    7.150    7.189    7.311    7.547    7.693    7.705    7.868    8.253    8.369    8.625
    8.805    9.132    9.312    9.427   10.251   10.323   13.052   13.568   13.610   14.109
   14.314   14.383   15.046   15.542   17.452   17.759   17.819   18.306   19.397   19.866
   21.035   21.553   22.366   22.441   22.665   23.009   23.905   24.094   24.152   24.735
            0.249997  0.409903  0.001976
  -91.705  -68.886  -64.320  -64.308  -52.145  -52.141  -52.128  -37.942  -37.933  -37.917
  -28.758  -28.701  -28.674  -28.613  -28.601  -28.536   -8.171   -7.623   -7.192   -6.991
   -6.960   -6.644   -6.464   -6.255    3.640    3.802    4.088    4.292    4.408    4.618
    4.812    5.118    5.265    5.485    5.621    5.895    5.981    6.378    6.425    6.887
    7.127    7.238    7.346    7.500    7.643    7.725    7.872    8.243    8.361    8.641
    8.799    9.121    9.318    9.463   10.249   10.280   13.068   13.556   13.608   14.092
   14.286   14.425   15.034   15.534   17.373   17.797   17.877   18.405   19.461   19.883
   20.947   21.472   22.332   22.415   22.656   23.027   23.942   24.053   24.184   24.816
            0.274996  0.409903  0.002173
  -91.705  -68.886  -64.320  -64.308  -52.145  -52.141  -52.128  -37.942  -37.933  -37.917
  -28.758  -28.700  -28.674  -28.613  -28.600  -28.536   -8.155   -7.613   -7.206   -6.990
   -6.965   -6.638   -6.466   -6.272    3.583    3.802    4.081    4.300    4.427    4.667
    4.807    5.140    5.291    5.479    5.649    5.918    5.995    6.371    6.384    6.862
    7.070    7.299    7.369    7.479    7.588    7.723    7.909    8.234    8.351    8.653
    8.797    9.111    9.320    9.504   10.226   10.254   13.082   13.546   13.608   14.070
   14.259   14.470   15.029   15.522   17.297   17.836   17.936   18.510   19.521   19.905
   20.862   21.388   22.295   22.387   22.639   23.061   23.967   23.982   24.229   24.900
            0.299996  0.409903  0.002371
  -91.705  -68.886  -64.320  -64.308  -52.145  -52.141  -52.128  -37.942  -37.933  -37.917
  -28.758  -28.700  -28.674  -28.613  -28.600  -28.536   -8.140   -7.602   -7.219   -6.993
   -6.964   -6.631   -6.470   -6.287    3.530    3.803    4.073    4.296    4.461    4.713
    4.800    5.158    5.321    5.484    5.684    5.877    6.067    6.346    6.365    6.822
    7.020    7.260    7.435    7.495    7.545    7.697    7.970    8.226    8.339    8.660
    8.798    9.104    9.317    9.546   10.184   10.246   13.092   13.537   13.608   14.044
   14.234   14.512   15.030   15.506   17.225   17.874   17.995   18.616   19.576   19.934
   20.780   21.303   22.256   22.357   22.615   23.109   23.887   24.003   24.268   24.981
            0.324996  0.409903  0.002568
  -91.705  -68.886  -64.320  -64.308  -52.145  -52.141  -52.128  -37.942  -37.933  -37.917
  -28.758  -28.700  -28.674  -28.613  -28.600  -28.536   -8.125   -7.591   -7.233   -6.999
   -6.961   -6.625   -6.477   -6.300    3.482    3.805    4.065    4.286    4.502    4.747
    4.804    5.173    5.352    5.499    5.724    5.828    6.145    6.314    6.355    6.770
    6.980    7.177    7.473    7.511    7.561    7.663    8.041    8.219    8.329    8.663
    8.800    9.102    9.312    9.587   10.141   10.237   13.099   13.531   13.610   14.016
   14.212   14.553   15.037   15.487   17.160   17.910   18.051   18.721   19.627   19.968
   20.701   21.215   22.216   22.328   22.585   23.171   23.804   24.021   24.300   25.044
            0.349996  0.409903  0.002766
  -91.705  -68.886  -64.320  -64.308  -52.145  -52.141  -52.128  -37.942  -37.933  -37.917
  -28.758  -28.700  -28.675  -28.613  -28.600  -28.536   -8.111   -7.581   -7.246   -7.005
   -6.956   -6.619   -6.486   -6.311    3.439    3.808    4.058    4.271    4.544    4.752
    4.837    5.185    5.382    5.518    5.760    5.795    6.222    6.286    6.346    6.710
    6.946    7.081    7.434    7.560    7.598    7.650    8.112    8.215    8.322    8.659
    8.802    9.104    9.303    9.624   10.101   10.227   13.102   13.527   13.613   13.987
   14.193   14.589   15.048   15.465   17.101   17.944   18.104   18.821   19.674   20.009
   20.628   21.126   22.177   22.301   22.551   23.243   23.729   24.032   24.328   25.055
            0.374995  0.409903  0.002964
  -91.705  -68.886  -64.320  -64.308  -52.145  -52.141  -52.128  -37.942  -37.933  -37.917
  -28.758  -28.700  -28.675  -28.613  -28.600  -28.536   -8.098   -7.570   -7.258   -7.011
   -6.951   -6.614   -6.496   -6.319    3.402    3.810    4.054    4.254    4.586    4.744
    4.881    5.195    5.409    5.526    5.749    5.832    6.259    6.297    6.338    6.646
    6.914    6.982    7.397    7.550    7.622    7.702    8.175    8.212    8.326    8.649
    8.802    9.111    9.292    9.657   10.064   10.216   13.102   13.525   13.617   13.960
   14.176   14.621   15.064   15.441   17.050   17.973   18.151   18.915   19.718   20.054
   20.560   21.036   22.141   22.277   22.516   23.324   23.667   24.036   24.351   24.985
            0.399995  0.409903  0.003161
  -91.705  -68.886  -64.320  -64.308  -52.145  -52.141  -52.128  -37.942  -37.933  -37.917
  -28.758  -28.700  -28.675  -28.614  -28.600  -28.536   -8.087   -7.561   -7.268   -7.016
   -6.947   -6.609   -6.506   -6.324    3.371    3.812    4.053    4.236    4.623    4.736
    4.927    5.205    5.429    5.510    5.755    5.890    6.237    6.330    6.366    6.585
    6.860    6.907    7.364    7.509    7.662    7.756    8.205    8.225    8.347    8.633
    8.801    9.123    9.280    9.684   10.033   10.205   13.100   13.524   13.623   13.935
   14.161   14.648   15.082   15.416   17.007   17.999   18.193   18.996   19.761   20.100
   20.504   20.945   22.108   22.257   22.482   23.405   23.622   24.034   24.367   24.874
            0.424995  0.409903  0.003359
  -91.705  -68.886  -64.320  -64.308  -52.145  -52.141  -52.128  -37.942  -37.933  -37.917
  -28.758  -28.700  -28.675  -28.614  -28.600  -28.536   -8.078   -7.553   -7.277   -7.020
   -6.944   -6.605   -6.515   -6.328    3.347    3.814    4.054    4.217    4.654    4.729
    4.972    5.215    5.429    5.488    5.783    5.952    6.217    6.328    6.418    6.536
    6.770    6.875    7.339    7.468    7.700    7.797    8.206    8.249    8.388    8.611
    8.797    9.138    9.266    9.705   10.007   10.195   13.097   13.524   13.628   13.915
   14.150   14.669   15.102   15.391   16.974   18.019   18.226   19.063   19.804   20.137
   20.465   20.857   22.081   22.241   22.452   23.471   23.606   24.029   24.374   24.762
            0.449994  0.409903  0.003556
  -91.705  -68.886  -64.320  -64.308  -52.145  -52.141  -52.128  -37.942  -37.933  -37.917
  -28.758  -28.700  -28.675  -28.614  -28.600  -28.536   -8.072   -7.547   -7.284   -7.023
   -6.941   -6.602   -6.522   -6.331    3.329    3.816    4.058    4.201    4.679    4.722
    5.012    5.229    5.391    5.490    5.816    6.013    6.199    6.330    6.423    6.529
    6.686    6.851    7.321    7.433    7.732    7.822    8.205    8.265    8.435    8.584
    8.793    9.153    9.252    9.720    9.988   10.187   13.095   13.525   13.633   13.899
   14.141   14.684   15.120   15.370   16.949   18.034   18.251   19.113   19.844   20.156
   20.455   20.774   22.061   22.229   22.428   23.494   23.641   24.021   24.369   24.670
            0.474994  0.409903  0.003754
  -91.705  -68.886  -64.320  -64.308  -52.145  -52.141  -52.128  -37.942  -37.933  -37.917
  -28.758  -28.700  -28.675  -28.614  -28.600  -28.536   -8.068   -7.543   -7.288   -7.025
   -6.939   -6.601   -6.527   -6.332    3.319    3.816    4.062    4.189    4.696    4.716
    5.041    5.248    5.344    5.498    5.842    6.064    6.184    6.339    6.393    6.554
    6.625    6.833    7.311    7.410    7.755    7.833    8.205    8.275    8.480    8.554
    8.789    9.167    9.240    9.728    9.976   10.182   13.093   13.525   13.636   13.889
   14.136   14.694   15.133   15.354   16.934   18.043   18.266   19.143   19.875   20.156
   20.473   20.704   22.049   22.222   22.412   23.492   23.692   24.014   24.354   24.615
            0.499994  0.409903  0.003951
  -91.705  -68.886  -64.320  -64.308  -52.145  -52.141  -52.128  -37.942  -37.933  -37.917
  -28.758  -28.700  -28.675  -28.614  -28.600  -28.536   -8.066   -7.541   -7.290   -7.025
   -6.939   -6.600   -6.529   -6.333    3.315    3.816    4.064    4.185    4.706    4.711
    5.052    5.264    5.317    5.501    5.852    6.086    6.177    6.348    6.373    6.566
    6.601    6.825    7.308    7.402    7.764    7.836    8.205    8.279    8.517    8.521
    8.787    9.173    9.235    9.731    9.972   10.180   13.092   13.525   13.638   13.886
   14.134   14.697   15.138   15.348   16.929   18.046   18.271   19.153   19.888   20.152
   20.488   20.673   22.045   22.220   22.407   23.489   23.714   24.010   24.345   24.597
            0.474994  0.389408  0.003754
  -91.705  -68.886  -64.320  -64.308  -52.145  -52.141  -52.128  -37.942  -37.933  -37.917
  -28.758  -28.700  -28.675  -28.614  -28.600  -28.536   -8.069   -7.542   -7.288   -7.025
   -6.939   -6.600   -6.529   -6.332    3.320    3.816    4.064    4.189    4.696    4.716
    5.037    5.247    5.327    5.513    5.845    6.057    6.175    6.343    6.393    6.562
    6.632    6.833    7.313    7.411    7.755    7.829    8.206    8.265    8.485    8.556
    8.791    9.166    9.241    9.728    9.978   10.183   13.093   13.523   13.635   13.892
   14.135   14.693   15.135   15.353   16.939   18.039   18.266   19.140   19.864   20.148
   20.477   20.719   22.041   22.221   22.416   23.483   23.705   24.002   24.345   24.621
            0.449994  0.368913  0.003556
  -91.705  -68.886  -64.320  -64.308  -52.145  -52.141  -52.128  -37.942  -37.933  -37.917
  -28.758  -28.700  -28.675  -28.614  -28.600  -28.536   -8.075   -7.543   -7.284   -7.022
   -6.938   -6.601   -6.528   -6.331    3.336    3.814    4.064    4.203    4.674    4.721
    4.995    5.222    5.339    5.536    5.828    5.994    6.171    6.343    6.419    6.551
    6.712    6.859    7.328    7.434    7.730    7.806    8.209    8.230    8.459    8.589
    8.800    9.151    9.255    9.719    9.994   10.194   13.098   13.516   13.629   13.906
   14.138   14.681   15.124   15.368   16.966   18.016   18.253   19.097   19.801   20.145
   20.462   20.820   22.033   22.223   22.441   23.458   23.699   23.976   24.340   24.691
            0.424995  0.348418  0.003359
  -91.705  -68.886  -64.320  -64.308  -52.145  -52.141  -52.128  -37.942  -37.933  -37.917
  -28.758  -28.701  -28.675  -28.614  -28.600  -28.536   -8.088   -7.543   -7.277   -7.018
   -6.938   -6.602   -6.526   -6.328    3.361    3.813    4.061    4.226    4.641    4.728
    4.936    5.201    5.349    5.543    5.814    5.929    6.166    6.344    6.436    6.549
    6.805    6.915    7.352    7.466    7.698    7.757    8.181    8.226    8.441    8.615
    8.807    9.137    9.267    9.705   10.015   10.213   13.105   13.507   13.620   13.924
   14.145   14.664   15.110   15.387   17.011   17.976   18.232   19.024   19.722   20.152
   20.451   20.939   22.027   22.226   22.472   23.414   23.719   23.935   24.328   24.785
            0.399995  0.327923  0.003161
  -91.705  -68.886  -64.320  -64.308  -52.145  -52.141  -52.128  -37.942  -37.933  -37.917
  -28.758  -28.701  -28.675  -28.613  -28.600  -28.536   -8.105   -7.541   -7.268   -7.013
   -6.937   -6.604   -6.524   -6.324    3.395    3.813    4.053    4.255    4.595    4.736
    4.871    5.184    5.356    5.522    5.812    5.879    6.162    6.336    6.437    6.566
    6.884    7.011    7.382    7.497    7.660    7.689    8.143    8.243    8.428    8.633
    8.807    9.129    9.277    9.684   10.035   10.243   13.113   13.498   13.608   13.941
   14.159   14.645   15.095   15.409   17.069   17.922   18.207   18.925   19.646   20.169
   20.442   21.053   22.033   22.230   22.502   23.369   23.742   23.909   24.314   24.862
            0.374995  0.307428  0.002964
  -91.705  -68.886  -64.320  -64.308  -52.145  -52.141  -52.128  -37.942  -37.933  -37.917
  -28.758  -28.701  -28.675  -28.613  -28.600  -28.536   -8.129   -7.536   -7.258   -7.007
   -6.936   -6.607   -6.522   -6.320    3.435    3.816    4.038    4.287    4.538    4.745
    4.809    5.170    5.363    5.483    5.804    5.854    6.160    6.320    6.435    6.593
    6.955    7.125    7.406    7.510    7.599    7.658    8.114    8.266    8.418    8.641
    8.799    9.127    9.281    9.659   10.048   10.282   13.122   13.490   13.594   13.951
   14.179   14.626   15.080   15.431   17.136   17.855   18.177   18.808   19.581   20.195
   20.432   21.150   22.056   22.233   22.529   23.337   23.715   23.952   24.301   24.875
            0.349996  0.286932  0.002766
  -91.705  -68.886  -64.320  -64.308  -52.145  -52.141  -52.128  -37.942  -37.933  -37.917
  -28.758  -28.701  -28.675  -28.613  -28.600  -28.535   -8.159   -7.525   -7.248   -7.000
   -6.934   -6.611   -6.518   -6.315    3.479    3.824    4.014    4.314    4.476    4.724
    4.788    5.156    5.366    5.449    5.777    5.853    6.157    6.301    6.440    6.619
    7.024    7.235    7.387    7.490    7.575    7.672    8.095    8.287    8.415    8.638
    8.788    9.132    9.279    9.631   10.056   10.325   13.130   13.485   13.579   13.955
   14.202   14.611   15.068   15.450   17.206   17.781   18.138   18.690   19.524   20.228
   20.423   21.221   22.096   22.238   22.554   23.318   23.658   24.049   24.293   24.807
            0.324996  0.266437  0.002568
  -91.705  -68.886  -64.320  -64.308  -52.145  -52.141  -52.128  -37.942  -37.933  -37.917
  -28.759  -28.701  -28.675  -28.613  -28.599  -28.535   -8.194   -7.510   -7.237   -6.994
   -6.931   -6.616   -6.514   -6.311    3.522    3.837    3.980    4.321    4.423    4.674
    4.810    5.142    5.364    5.434    5.749    5.849    6.152    6.289    6.450    6.636
    7.073    7.318    7.339    7.481    7.595    7.712    8.084    8.297    8.426    8.622
    8.777    9.140    9.272    9.600   10.059   10.365   13.136   13.482   13.563   13.953
   14.224   14.605   15.060   15.467   17.265   17.706   18.092   18.589   19.474   20.269
   20.414   21.267   22.137   22.258   22.584   23.298   23.609   24.164   24.295   24.692
            0.299996  0.245942  0.002371
  -91.705  -68.886  -64.320  -64.308  -52.145  -52.141  -52.128  -37.942  -37.933  -37.917
  -28.759  -28.702  -28.674  -28.613  -28.599  -28.535   -8.233   -7.489   -7.226   -6.988
   -6.927   -6.622   -6.510   -6.306    3.560    3.858    3.938    4.282    4.399    4.636
    4.844    5.128    5.358    5.439    5.726    5.836    6.145    6.285    6.464    6.642
    7.060    7.310    7.393    7.493    7.633    7.764    8.082    8.292    8.452    8.596
    8.769    9.150    9.257    9.568   10.059   10.400   13.141   13.479   13.549   13.947
   14.239   14.608   15.057   15.481   17.293   17.634   18.047   18.519   19.427   20.314
   20.409   21.293   22.152   22.309   22.625   23.257   23.594   24.245   24.345   24.561
            0.274996  0.225447  0.002173
  -91.705  -68.886  -64.320  -64.308  -52.145  -52.141  -52.128  -37.942  -37.933  -37.917
  -28.759  -28.702  -28.674  -28.613  -28.599  -28.535   -8.274   -7.466   -7.214   -6.983
   -6.921   -6.628   -6.505   -6.300    3.588    3.868    3.909    4.220    4.379    4.622
    4.880    5.117    5.351    5.458    5.708    5.818    6.136    6.289    6.478    6.633
    7.004    7.334    7.417    7.540    7.677    7.816    8.090    8.278    8.478    8.569
    8.765    9.163    9.238    9.538   10.056   10.424   13.144   13.471   13.542   13.941
   14.245   14.618   15.060   15.491   17.268   17.572   18.022   18.484   19.381   20.358
   20.413   21.307   22.147   22.374   22.682   23.194   23.614   24.260   24.390   24.503
            0.249997  0.204952  0.001976
  -91.705  -68.886  -64.320  -64.308  -52.145  -52.141  -52.128  -37.942  -37.933  -37.917
  -28.759  -28.702  -28.674  -28.612  -28.599  -28.535   -8.317   -7.440   -7.202   -6.980
   -6.915   -6.636   -6.501   -6.295    3.602    3.826    3.934    4.159    4.343    4.634
    4.915    5.112    5.345    5.485    5.694    5.802    6.126    6.297    6.487    6.616
    6.949    7.348    7.437    7.596    7.721    7.862    8.111    8.264    8.478    8.562
    8.767    9.175    9.217    9.511   10.049   10.437   13.145   13.456   13.546   13.935
   14.244   14.629   15.071   15.497   17.184   17.521   18.027   18.482   19.335   20.384
   20.447   21.316   22.132   22.429   22.752   23.125   23.657   24.232   24.313   24.607
            0.224997  0.184457  0.001778
  -91.705  -68.886  -64.320  -64.308  -52.145  -52.141  -52.128  -37.942  -37.933  -37.917
  -28.759  -28.703  -28.674  -28.612  -28.598  -28.535   -8.361   -7.413   -7.187   -6.980
   -6.907   -6.644   -6.496   -6.289    3.599    3.777    3.960    4.116    4.299    4.660
    4.944    5.112    5.338    5.512    5.679    5.804    6.114    6.309    6.483    6.606
    6.911    7.349    7.449    7.648    7.760    7.900    8.138    8.258    8.447    8.578
    8.779    9.165    9.219    9.487   10.040   10.438   13.146   13.437   13.556   13.930
   14.239   14.638   15.090   15.500   17.056   17.483   18.052   18.509   19.289   20.400
   20.503   21.324   22.110   22.470   22.808   23.079   23.710   24.133   24.308   24.677
            0.199997  0.163961  0.001581
  -91.705  -68.886  -64.320  -64.308  -52.145  -52.141  -52.128  -37.942  -37.933  -37.917
  -28.759  -28.703  -28.674  -28.612  -28.598  -28.535   -8.402   -7.388   -7.170   -6.980
   -6.898   -6.653   -6.493   -6.282    3.578    3.733    3.965    4.105    4.252    4.692
    4.969    5.108    5.336    5.533    5.657    5.837    6.102    6.324    6.470    6.611
    6.885    7.347    7.446    7.689    7.787    7.933    8.157    8.263    8.414    8.593
    8.803    9.131    9.246    9.467   10.027   10.428   13.145   13.421   13.569   13.926
   14.231   14.639   15.116   15.501   16.906   17.458   18.083   18.556   19.241   20.423
   20.566   21.336   22.078   22.498   22.813   23.086   23.765   24.047   24.321   24.661
            0.174998  0.143466  0.001383
  -91.705  -68.886  -64.320  -64.308  -52.145  -52.141  -52.128  -37.942  -37.933  -37.917
  -28.759  -28.703  -28.674  -28.612  -28.598  -28.535   -8.442   -7.365   -7.149   -6.983
   -6.890   -6.664   -6.491   -6.275    3.543    3.695    3.954    4.116    4.212    4.722
    4.995    5.093    5.345    5.547    5.630    5.892    6.098    6.341    6.458    6.624
    6.866    7.337    7.429    7.719    7.801    7.963    8.153    8.272    8.408    8.604
    8.839    9.089    9.282    9.452   10.008   10.410   13.141   13.410   13.583   13.923
   14.224   14.633   15.147   15.500   16.749   17.445   18.115   18.614   19.191   20.459
   20.633   21.352   22.031   22.519   22.777   23.119   23.819   24.002   24.336   24.599
            0.149998  0.122971  0.001185
  -91.705  -68.886  -64.320  -64.308  -52.145  -52.141  -52.128  -37.942  -37.933  -37.917
  -28.759  -28.703  -28.674  -28.612  -28.598  -28.535   -8.478   -7.346   -7.126   -6.986
   -6.881   -6.676   -6.489   -6.266    3.501    3.660    3.947    4.115    4.193    4.742
    5.002    5.087    5.366    5.555    5.608    5.945    6.116    6.362    6.456    6.639
    6.850    7.305    7.415    7.740    7.799    7.987    8.129    8.270    8.440    8.616
    8.882    9.042    9.322    9.441    9.983   10.389   13.135   13.407   13.596   13.920
   14.217   14.621   15.179   15.498   16.597   17.442   18.150   18.672   19.137   20.512
   20.702   21.372   21.969   22.534   22.733   23.126   23.877   24.008   24.345   24.535
            0.124998  0.102476  0.000988
  -91.705  -68.886  -64.320  -64.308  -52.145  -52.141  -52.128  -37.942  -37.933  -37.917
  -28.759  -28.704  -28.673  -28.612  -28.597  -28.535   -8.510   -7.332   -7.099   -6.989
   -6.873   -6.690   -6.489   -6.258    3.457    3.627    3.947    4.091    4.199    4.749
    4.966    5.124    5.393    5.557    5.595    5.969    6.172    6.389    6.464    6.653
    6.836    7.245    7.415    7.746    7.783    7.998    8.111    8.263    8.484    8.636
    8.926    8.992    9.363    9.435    9.949   10.368   13.126   13.412   13.607   13.917
   14.213   14.604   15.211   15.494   16.457   17.444   18.190   18.725   19.080   20.579
   20.771   21.393   21.894   22.547   22.695   23.096   23.948   24.048   24.338   24.494
            0.099999  0.081981  0.000790
  -91.705  -68.886  -64.320  -64.308  -52.145  -52.141  -52.128  -37.942  -37.933  -37.917
  -28.759  -28.704  -28.673  -28.611  -28.597  -28.534   -8.537   -7.321   -7.072   -6.991
   -6.865   -6.706   -6.489   -6.250    3.418    3.599    3.953    4.061    4.213    4.743
    4.917    5.178    5.418    5.553    5.595    5.970    6.248    6.424    6.486    6.667
    6.823    7.168    7.422    7.703    7.784    7.994    8.117    8.255    8.523    8.670
    8.927    8.980    9.399    9.436    9.907   10.351   13.116   13.424   13.616   13.911
   14.212   14.585   15.239   15.490   16.334   17.450   18.236   18.767   19.020   20.659
   20.837   21.412   21.813   22.555   22.662   23.041   24.022   24.107   24.311   24.487
            0.074999  0.061486  0.000593
  -91.705  -68.886  -64.320  -64.308  -52.145  -52.141  -52.128  -37.942  -37.933  -37.917
  -28.759  -28.704  -28.673  -28.611  -28.597  -28.534   -8.559   -7.314   -7.046   -6.993
   -6.858   -6.722   -6.490   -6.242    3.385    3.575    3.962    4.038    4.226    4.723
    4.877    5.231    5.441    5.545    5.604    5.962    6.319    6.462    6.523    6.681
    6.812    7.085    7.432    7.630    7.791    7.991    8.135    8.247    8.553    8.710
    8.876    9.014    9.418    9.456    9.858   10.340   13.106   13.439   13.623   13.905
   14.214   14.566   15.263   15.485   16.234   17.456   18.285   18.798   18.959   20.745
   20.898   21.423   21.734   22.556   22.638   22.983   24.083   24.161   24.285   24.509
            0.049999  0.040990  0.000395
  -91.705  -68.886  -64.320  -64.308  -52.145  -52.141  -52.128  -37.942  -37.933  -37.917
  -28.759  -28.704  -28.673  -28.611  -28.597  -28.534   -8.574   -7.309   -7.026   -6.992
   -6.851   -6.738   -6.491   -6.237    3.360    3.558    3.968    4.023    4.236    4.695
    4.854    5.274    5.462    5.536    5.614    5.953    6.373    6.496    6.563    6.702
    6.805    7.008    7.440    7.552    7.794    7.994    8.150    8.242    8.581    8.735
    8.836    9.041    9.425    9.487    9.810   10.332   13.098   13.455   13.627   13.898
   14.217   14.550   15.282   15.481   16.160   17.461   18.334   18.817   18.905   20.827
   20.949   21.422   21.669   22.550   22.623   22.935   24.128   24.183   24.278   24.550
            0.025000  0.020495  0.000198
  -91.705  -68.886  -64.320  -64.308  -52.145  -52.141  -52.128  -37.942  -37.933  -37.917
  -28.759  -28.704  -28.673  -28.611  -28.597  -28.534   -8.584   -7.307   -7.016   -6.989
   -6.846   -6.750   -6.491   -6.233    3.345    3.547    3.969    4.018    4.243    4.671
    4.843    5.300    5.483    5.524    5.623    5.945    6.408    6.531    6.578    6.729
    6.806    6.948    7.447    7.490    7.795    7.999    8.157    8.242    8.613    8.717
    8.831    9.057    9.429    9.513    9.771   10.329   13.093   13.466   13.628   13.893
   14.219   14.539   15.293   15.478   16.115   17.464   18.371   18.823   18.870   20.890
   20.984   21.410   21.628   22.541   22.616   22.905   24.152   24.190   24.278   24.591
            0.000000  0.000000  0.000000
  -91.705  -68.886  -64.320  -64.308  -52.145  -52.141  -52.128  -37.942  -37.933  -37.917
  -28.759  -28.704  -28.673  -28.611  -28.597  -28.534   -8.587   -7.306   -7.013   -6.987
   -6.844   -6.755   -6.492   -6.232    3.340    3.544    3.969    4.018    4.245    4.662
    4.840    5.308    5.498    5.513    5.626    5.942    6.419    6.556    6.570    6.741
    6.809    6.924    7.450    7.464    7.795    8.001    8.158    8.243    8.635    8.694
    8.835    9.062    9.431    9.523    9.756   10.328   13.091   13.471   13.629   13.891
   14.221   14.535   15.297   15.476   16.100   17.465   18.386   18.819   18.861   20.914
   20.997   21.402   21.615   22.538   22.613   22.895   24.155   24.197   24.277   24.608
           -0.000043  0.000000  0.023420
  -91.705  -68.886  -64.320  -64.308  -52.145  -52.141  -52.128  -37.942  -37.933  -37.917
  -28.759  -28.704  -28.673  -28.611  -28.597  -28.534   -8.585   -7.307   -7.017   -6.985
   -6.845   -6.753   -6.492   -6.232    3.342    3.548    3.970    4.016    4.234    4.675
    4.837    5.291    5.500    5.517    5.626    5.944    6.420    6.543    6.586    6.745
    6.811    6.923    7.455    7.457    7.782    8.019    8.156    8.240    8.630    8.692
    8.836    9.064    9.423    9.518    9.771   10.329   13.095   13.471   13.627   13.890
   14.219   14.534   15.296   15.473   16.109   17.465   18.368   18.837   18.863   20.916
   20.995   21.391   21.615   22.539   22.621   22.896   24.123   24.194   24.309   24.610
           -0.000086  0.000000  0.046840
  -91.705  -68.886  -64.320  -64.308  -52.145  -52.141  -52.128  -37.942  -37.933  -37.917
  -28.759  -28.705  -28.673  -28.612  -28.596  -28.534   -8.578   -7.309   -7.025   -6.982
   -6.847   -6.749   -6.493   -6.234    3.350    3.560    3.974    4.011    4.206    4.711
    4.829    5.247    5.502    5.531    5.628    5.946    6.422    6.526    6.615    6.754
    6.815    6.919    7.437    7.471    7.754    8.057    8.151    8.234    8.615    8.687
    8.837    9.069    9.400    9.507    9.808   10.332   13.104   13.471   13.623   13.886
   14.214   14.531   15.293   15.462   16.137   17.464   18.323   18.861   18.892   20.919
   20.991   21.358   21.615   22.541   22.645   22.901   24.065   24.176   24.370   24.615
           -0.000128  0.000000  0.070260
  -91.705  -68.886  -64.320  -64.308  -52.145  -52.141  -52.128  -37.942  -37.933  -37.917
  -28.759  -28.706  -28.672  -28.613  -28.595  -28.534   -8.566   -7.313   -7.037   -6.981
   -6.848   -6.743   -6.494   -6.238    3.362    3.579    3.981    3.999    4.176    4.755
    4.819    5.187    5.502    5.548    5.632    5.946    6.415    6.511    6.657    6.766
    6.823    6.914    7.405    7.495    7.725    8.086    8.146    8.234    8.590    8.677
    8.838    9.077    9.368    9.494    9.859   10.336   13.120   13.471   13.617   13.879
   14.206   14.525   15.288   15.445   16.182   17.462   18.263   18.868   18.957   20.917
   20.989   21.314   21.613   22.541   22.679   22.915   24.003   24.145   24.435   24.628
           -0.000171  0.000000  0.093681
  -91.705  -68.886  -64.320  -64.308  -52.145  -52.141  -52.128  -37.942  -37.933  -37.917
  -28.759  -28.707  -28.672  -28.615  -28.594  -28.534   -8.551   -7.318   -7.051   -6.983
   -6.848   -6.736   -6.495   -6.242    3.380    3.605    3.974    3.993    4.154    4.776
    4.825    5.125    5.502    5.564    5.640    5.943    6.394    6.503    6.710    6.777
    6.836    6.912    7.366    7.526    7.701    8.083    8.140    8.257    8.559    8.664
    8.839    9.086    9.336    9.482    9.914   10.343   13.141   13.471   13.610   13.871
   14.195   14.517   15.281   15.422   16.244   17.459   18.198   18.875   19.030   20.896
   20.996   21.267   21.612   22.540   22.712   22.948   23.939   24.101   24.497   24.653
           -0.000214  0.000000  0.117101
  -91.705  -68.886  -64.320  -64.308  -52.145  -52.141  -52.128  -37.942  -37.933  -37.917
  -28.759  -28.708  -28.671  -28.616  -28.592  -28.533   -8.530   -7.324   -7.068   -6.990
   -6.843   -6.728   -6.496   -6.247    3.401    3.634    3.943    4.004    4.145    4.755
    4.851    5.076    5.501    5.577    5.652    5.938    6.364    6.496    6.760    6.787
    6.858    6.916    7.325    7.559    7.682    8.059    8.125    8.297    8.523    8.649
    8.839    9.096    9.307    9.469    9.971   10.351   13.167   13.470   13.603   13.860
   14.181   14.507   15.270   15.393   16.320   17.455   18.133   18.884   19.106   20.847
   21.012   21.225   21.615   22.539   22.733   23.008   23.875   24.045   24.548   24.694
           -0.000257  0.000000  0.140521
  -91.705  -68.886  -64.320  -64.309  -52.145  -52.141  -52.128  -37.942  -37.933  -37.917
  -28.759  -28.710  -28.670  -28.618  -28.591  -28.533   -8.505   -7.331   -7.088   -7.002
   -6.835   -6.720   -6.497   -6.253    3.426    3.663    3.911    4.017    4.148    4.720
    4.850    5.063    5.498    5.587    5.665    5.933    6.330    6.483    6.788    6.795
    6.896    6.936    7.288    7.590    7.668    8.024    8.107    8.331    8.494    8.632
    8.840    9.106    9.284    9.456   10.027   10.360   13.198   13.469   13.597   13.847
   14.165   14.494   15.257   15.361   16.410   17.451   18.070   18.895   19.179   20.773
   21.031   21.192   21.626   22.539   22.741   23.093   23.809   23.978   24.588   24.747
           -0.000299  0.000000  0.163941
  -91.705  -68.886  -64.320  -64.309  -52.145  -52.141  -52.128  -37.942  -37.933  -37.917
  -28.759  -28.711  -28.669  -28.619  -28.589  -28.533   -8.477   -7.338   -7.112   -7.017
   -6.823   -6.713   -6.498   -6.260    3.455    3.682    3.892    4.032    4.161    4.676
    4.818    5.084    5.489    5.601    5.676    5.933    6.297    6.464    6.785    6.814
    6.925    6.986    7.260    7.613    7.659    7.982    8.090    8.333    8.490    8.613
    8.842    9.115    9.266    9.443   10.081   10.371   13.231   13.468   13.594   13.834
   14.146   14.479   15.241   15.325   16.511   17.446   18.012   18.908   19.250   20.679
   21.048   21.166   21.653   22.539   22.741   23.197   23.742   23.904   24.618   24.804
           -0.000342  0.000000  0.187361
  -91.705  -68.886  -64.320  -64.309  -52.145  -52.141  -52.128  -37.942  -37.933  -37.917
  -28.758  -28.713  -28.667  -28.621  -28.588  -28.532   -8.443   -7.346   -7.141   -7.033
   -6.809   -6.707   -6.497   -6.267    3.485    3.681    3.897    4.047    4.180    4.626
    4.776    5.116    5.471    5.620    5.681    5.935    6.270    6.440    6.776    6.827
    6.945    7.042    7.249    7.617    7.661    7.938    8.078    8.301    8.513    8.594
    8.846    9.121    9.253    9.432   10.132   10.383   13.266   13.468   13.592   13.819
   14.126   14.462   15.221   15.289   16.621   17.440   17.960   18.921   19.316   20.570
   21.057   21.146   21.699   22.542   22.739   23.311   23.675   23.825   24.639   24.861
           -0.000385  0.000000  0.210781
  -91.705  -68.886  -64.320  -64.309  -52.145  -52.141  -52.128  -37.942  -37.933  -37.917
  -28.758  -28.715  -28.666  -28.623  -28.586  -28.532   -8.406   -7.353   -7.175   -7.049
   -6.793   -6.702   -6.496   -6.275    3.515    3.663    3.925    4.062    4.206    4.577
    4.736    5.147    5.444    5.645    5.681    5.937    6.251    6.415    6.764    6.832
    6.965    7.084    7.261    7.605    7.665    7.894    8.070    8.258    8.543    8.576
    8.853    9.126    9.246    9.421   10.179   10.395   13.300   13.471   13.592   13.805
   14.103   14.442   15.196   15.253   16.738   17.435   17.913   18.936   19.375   20.450
   21.051   21.135   21.766   22.547   22.735   23.426   23.614   23.744   24.647   24.912
           -0.000428  0.000000  0.234202
  -91.705  -68.886  -64.319  -64.309  -52.145  -52.141  -52.128  -37.942  -37.933  -37.917
  -28.758  -28.717  -28.665  -28.625  -28.585  -28.531   -8.366   -7.360   -7.215   -7.063
   -6.776   -6.698   -6.495   -6.283    3.540    3.641    3.963    4.074    4.241    4.537
    4.696    5.170    5.409    5.670    5.683    5.933    6.240    6.396    6.752    6.829
    6.984    7.110    7.292    7.587    7.664    7.852    8.066    8.218    8.552    8.577
    8.862    9.128    9.244    9.411   10.222   10.409   13.331   13.478   13.594   13.792
   14.079   14.420   15.167   15.220   16.859   17.430   17.874   18.951   19.428   20.324
   21.030   21.133   21.852   22.556   22.734   23.479   23.595   23.687   24.638   24.958
           -0.000470  0.000000  0.257622
  -91.705  -68.886  -64.319  -64.309  -52.145  -52.141  -52.128  -37.942  -37.933  -37.917
  -28.757  -28.719  -28.663  -28.627  -28.583  -28.531   -8.321   -7.367   -7.261   -7.076
   -6.758   -6.695   -6.492   -6.291    3.549    3.631    4.003    4.082    4.285    4.513
    4.657    5.185    5.366    5.669    5.712    5.923    6.232    6.389    6.741    6.814
    7.003    7.131    7.324    7.562    7.658    7.813    8.059    8.192    8.536    8.601
    8.875    9.129    9.245    9.401   10.261   10.424   13.358   13.490   13.599   13.780
   14.054   14.397   15.135   15.189   16.981   17.427   17.844   18.965   19.474   20.195
   21.003   21.134   21.954   22.567   22.734   23.428   23.548   23.768   24.608   24.999
           -0.000513  0.000000  0.281042
  -91.705  -68.886  -64.319  -64.310  -52.145  -52.141  -52.128  -37.942  -37.933  -37.917
  -28.757  -28.721  -28.662  -28.629  -28.582  -28.530   -8.274   -7.374   -7.310   -7.088
   -6.741   -6.691   -6.490   -6.299    3.539    3.638    4.037    4.089    4.340    4.505
    4.619    5.190    5.315    5.664    5.745    5.909    6.220    6.398    6.729    6.792
    7.024    7.152    7.344    7.534    7.652    7.776    8.048    8.183    8.521    8.623
    8.889    9.130    9.250    9.392   10.294   10.439   13.380   13.504   13.608   13.770
   14.029   14.372   15.101   15.160   17.097   17.429   17.824   18.977   19.511   20.066
   20.975   21.135   22.068   22.583   22.738   23.355   23.470   23.906   24.555   25.035
           -0.000556  0.000000  0.304462
  -91.705  -68.886  -64.319  -64.310  -52.145  -52.141  -52.128  -37.942  -37.933  -37.917
  -28.756  -28.723  -28.660  -28.630  -28.581  -28.530   -8.223   -7.384   -7.360   -7.098
   -6.726   -6.687   -6.488   -6.306    3.520    3.648    4.060    4.102    4.403    4.514
    4.582    5.186    5.260    5.660    5.772    5.901    6.200    6.417    6.713    6.773
    7.046    7.173    7.350    7.507    7.644    7.740    8.036    8.184    8.509    8.643
    8.904    9.130    9.256    9.383   10.321   10.455   13.399   13.514   13.621   13.762
   14.007   14.345   15.068   15.133   17.197   17.442   17.819   18.985   19.538   19.943
   20.951   21.134   22.187   22.603   22.749   23.276   23.395   24.051   24.484   25.067
           -0.000599  0.000000  0.327882
  -91.705  -68.886  -64.319  -64.310  -52.145  -52.141  -52.128  -37.942  -37.933  -37.917
  -28.756  -28.725  -28.659  -28.632  -28.580  -28.529   -8.169   -7.425   -7.381   -7.107
   -6.715   -6.681   -6.486   -6.313    3.503    3.651    4.076    4.127    4.468    4.526
    4.556    5.173    5.201    5.659    5.785    5.908    6.177    6.434    6.687    6.768
    7.068    7.191    7.347    7.483    7.631    7.706    8.030    8.189    8.502    8.660
    8.920    9.131    9.260    9.375   10.344   10.471   13.417   13.519   13.636   13.757
   13.989   14.317   15.038   15.106   17.265   17.471   17.837   18.983   19.551   19.832
   20.934   21.130   22.304   22.630   22.769   23.194   23.326   24.177   24.417   25.097
           -0.000641  0.000000  0.351302
  -91.705  -68.886  -64.319  -64.310  -52.145  -52.141  -52.128  -37.942  -37.933  -37.917
  -28.755  -28.726  -28.657  -28.634  -28.579  -28.529   -8.113   -7.484   -7.386   -7.115
   -6.709   -6.671   -6.485   -6.320    3.490    3.643    4.096    4.157    4.496    4.533
    4.584    5.140    5.153    5.662    5.786    5.928    6.151    6.437    6.659    6.780
    7.088    7.202    7.344    7.462    7.612    7.673    8.030    8.193    8.500    8.674
    8.938    9.133    9.260    9.370   10.361   10.487   13.437   13.520   13.646   13.754
   13.979   14.288   15.012   15.082   17.297   17.508   17.889   18.966   19.546   19.745
   20.925   21.122   22.408   22.660   22.808   23.114   23.264   24.186   24.455   25.124
           -0.000684  0.000000  0.374723
  -91.705  -68.886  -64.318  -64.310  -52.145  -52.141  -52.128  -37.942  -37.933  -37.917
  -28.755  -28.728  -28.656  -28.636  -28.578  -28.529   -8.054   -7.545   -7.390   -7.121
   -6.706   -6.660   -6.484   -6.325    3.482    3.626    4.121    4.188    4.461    4.578
    4.638    5.079    5.126    5.670    5.781    5.953    6.127    6.421    6.640    6.802
    7.105    7.205    7.348    7.442    7.589    7.643    8.032    8.196    8.505    8.683
    8.958    9.136    9.253    9.369   10.374   10.501   13.458   13.520   13.647   13.751
   13.982   14.258   14.990   15.060   17.310   17.535   17.976   18.926   19.523   19.691
   20.925   21.110   22.491   22.688   22.876   23.042   23.213   24.082   24.593   25.149
           -0.000727  0.000000  0.398143
  -91.705  -68.886  -64.318  -64.310  -52.145  -52.141  -52.128  -37.942  -37.933  -37.917
  -28.754  -28.729  -28.655  -28.637  -28.577  -28.529   -7.993   -7.609   -7.393   -7.125
   -6.705   -6.649   -6.485   -6.330    3.478    3.606    4.151    4.217    4.427    4.614
    4.699    5.021    5.096    5.682    5.777    5.971    6.110    6.391    6.630    6.829
    7.115    7.207    7.360    7.424    7.564    7.618    8.033    8.197    8.514    8.687
    8.978    9.141    9.238    9.371   10.383   10.513   13.481   13.519   13.639   13.748
   13.996   14.228   14.972   15.041   17.314   17.550   18.088   18.859   19.494   19.664
   20.932   21.095   22.553   22.708   22.934   23.012   23.179   23.949   24.747   25.169
           -0.000770  0.000000  0.421563
  -91.705  -68.886  -64.318  -64.310  -52.145  -52.141  -52.128  -37.942  -37.933  -37.917
  -28.754  -28.730  -28.653  -28.639  -28.577  -28.528   -7.931   -7.673   -7.395   -7.129
   -6.704   -6.640   -6.485   -6.333    3.478    3.586    4.181    4.240    4.396    4.642
    4.756    4.967    5.068    5.696    5.775    5.973    6.106    6.358    6.626    6.854
    7.117    7.213    7.373    7.408    7.542    7.598    8.034    8.197    8.525    8.687
    8.997    9.149    9.220    9.375   10.390   10.521   13.499   13.525   13.622   13.744
   14.019   14.198   14.960   15.027   17.314   17.556   18.212   18.768   19.474   19.649
   20.945   21.078   22.602   22.717   22.897   23.061   23.205   23.807   24.898   25.182
           -0.000812  0.000000  0.444983
  -91.705  -68.886  -64.318  -64.310  -52.145  -52.141  -52.128  -37.942  -37.933  -37.917
  -28.753  -28.731  -28.653  -28.640  -28.577  -28.528   -7.867   -7.738   -7.397   -7.131
   -6.704   -6.634   -6.486   -6.335    3.481    3.571    4.207    4.255    4.373    4.661
    4.806    4.921    5.046    5.708    5.776    5.964    6.112    6.331    6.625    6.872
    7.114    7.221    7.385    7.395    7.526    7.586    8.034    8.197    8.533    8.685
    9.011    9.161    9.199    9.378   10.393   10.527   13.505   13.545   13.598   13.741
   14.041   14.173   14.952   15.018   17.314   17.558   18.332   18.666   19.464   19.641
   20.959   21.062   22.644   22.712   22.862   23.064   23.311   23.668   25.030   25.178
           -0.000855  0.000000  0.468403
  -91.705  -68.886  -64.318  -64.310  -52.145  -52.141  -52.128  -37.942  -37.933  -37.917
  -28.753  -28.731  -28.652  -28.640  -28.576  -28.528   -7.806   -7.800   -7.397   -7.132
   -6.704   -6.632   -6.486   -6.335    3.482    3.565    4.218    4.259    4.364    4.668
    4.833    4.895    5.038    5.712    5.777    5.959    6.116    6.320    6.625    6.878
    7.113    7.224    7.389    7.390    7.520    7.582    8.034    8.197    8.537    8.685
    9.016    9.173    9.184    9.379   10.395   10.529   13.505   13.572   13.572   13.740
   14.051   14.162   14.949   15.015   17.314   17.559   18.399   18.604   19.462   19.638
   20.966   21.055   22.670   22.698   22.850   23.060   23.390   23.582   25.104   25.156
            0.024145  0.020495  0.468601
  -91.705  -68.886  -64.318  -64.310  -52.145  -52.141  -52.128  -37.942  -37.933  -37.917
  -28.753  -28.731  -28.652  -28.640  -28.576  -28.528   -7.806   -7.797   -7.396   -7.132
   -6.706   -6.635   -6.486   -6.335    3.486    3.570    4.214    4.252    4.372    4.657
    4.833    4.900    5.056    5.710    5.773    5.952    6.103    6.338    6.624    6.867
    7.101    7.212    7.360    7.417    7.544    7.586    8.040    8.200    8.530    8.681
    9.017    9.152    9.203    9.382   10.393   10.530   13.488   13.561   13.596   13.750
   14.051   14.160   14.949   15.020   17.312   17.558   18.404   18.609   19.452   19.646
   20.934   21.068   22.653   22.665   22.871   23.081   23.375   23.617   25.087   25.174
            0.049144  0.040990  0.468798
  -91.705  -68.886  -64.318  -64.310  -52.145  -52.141  -52.128  -37.942  -37.933  -37.917
  -28.753  -28.731  -28.652  -28.640  -28.576  -28.528   -7.804   -7.789   -7.393   -7.135
   -6.713   -6.643   -6.485   -6.334    3.498    3.584    4.194    4.248    4.389    4.630
    4.833    4.909    5.105    5.706    5.758    5.934    6.078    6.376    6.617    6.835
    7.074    7.180    7.347    7.433    7.578    7.615    8.055    8.212    8.511    8.674
    9.017    9.128    9.222    9.390   10.386   10.532   13.456   13.559   13.619   13.779
   14.050   14.156   14.948   15.032   17.306   17.556   18.410   18.628   19.430   19.666
   20.865   21.082   22.568   22.629   22.920   23.119   23.371   23.687   25.053   25.204
            0.074144  0.061486  0.468996
  -91.705  -68.886  -64.318  -64.310  -52.145  -52.141  -52.128  -37.942  -37.933  -37.917
  -28.754  -28.731  -28.652  -28.640  -28.576  -28.528   -7.799   -7.778   -7.388   -7.138
   -6.725   -6.654   -6.485   -6.332    3.517    3.607    4.158    4.255    4.409    4.603
    4.832    4.919    5.172    5.699    5.727    5.912    6.061    6.416    6.598    6.788
    7.040    7.146    7.345    7.441    7.594    7.675    8.078    8.230    8.476    8.666
    9.015    9.112    9.239    9.398   10.377   10.537   13.423   13.559   13.634   13.823
   14.049   14.150   14.949   15.049   17.300   17.552   18.403   18.670   19.406   19.689
   20.779   21.085   22.454   22.580   22.983   23.144   23.416   23.758   25.012   25.214
            0.099144  0.081981  0.469194
  -91.705  -68.886  -64.318  -64.310  -52.145  -52.141  -52.128  -37.942  -37.933  -37.917
  -28.754  -28.731  -28.652  -28.640  -28.576  -28.528   -7.792   -7.765   -7.382   -7.142
   -6.742   -6.666   -6.485   -6.330    3.542    3.637    4.115    4.269    4.426    4.583
    4.826    4.931    5.247    5.679    5.690    5.897    6.057    6.450    6.558    6.737
    7.007    7.126    7.344    7.441    7.615    7.735    8.104    8.254    8.430    8.660
    9.005    9.106    9.253    9.401   10.365   10.544   13.393   13.559   13.643   13.874
   14.046   14.146   14.955   15.069   17.296   17.547   18.375   18.742   19.387   19.712
   20.683   21.077   22.331   22.516   23.037   23.174   23.504   23.811   24.961   25.164
            0.124143  0.102476  0.469391
  -91.705  -68.886  -64.318  -64.310  -52.145  -52.141  -52.128  -37.942  -37.933  -37.917
  -28.754  -28.732  -28.652  -28.640  -28.576  -28.528   -7.782   -7.749   -7.375   -7.146
   -6.766   -6.678   -6.486   -6.328    3.572    3.670    4.071    4.287    4.437    4.573
    4.814    4.945    5.318    5.620    5.677    5.898    6.066    6.466    6.505    6.690
    6.986    7.115    7.341    7.435    7.641    7.790    8.128    8.277    8.379    8.657
    8.990    9.109    9.263    9.399   10.350   10.553   13.367   13.558   13.647   13.919
   14.045   14.146   14.968   15.092   17.293   17.545   18.327   18.837   19.378   19.734
   20.585   21.060   22.205   22.440   23.057   23.241   23.614   23.834   24.888   25.104
            0.149143  0.122971  0.469589
  -91.705  -68.886  -64.318  -64.310  -52.145  -52.141  -52.128  -37.942  -37.933  -37.917
  -28.754  -28.732  -28.653  -28.640  -28.576  -28.528   -7.771   -7.730   -7.369   -7.149
   -6.793   -6.689   -6.488   -6.327    3.603    3.706    4.033    4.305    4.443    4.573
    4.797    4.960    5.378    5.560    5.660    5.914    6.087    6.416    6.496    6.646
    6.977    7.109    7.334    7.426    7.672    7.839    8.147    8.276    8.349    8.657
    8.969    9.117    9.265    9.396   10.334   10.561   13.346   13.556   13.649   13.951
   14.049   14.154   14.986   15.116   17.286   17.551   18.265   18.948   19.382   19.753
   20.491   21.036   22.083   22.358   23.054   23.331   23.733   23.820   24.787   25.087
            0.174143  0.143466  0.469786
  -91.705  -68.886  -64.318  -64.310  -52.145  -52.141  -52.128  -37.942  -37.933  -37.917
  -28.754  -28.732  -28.653  -28.640  -28.576  -28.528   -7.759   -7.710   -7.364   -7.151
   -6.821   -6.700   -6.491   -6.326    3.634    3.740    4.005    4.320    4.445    4.574
    4.784    4.976    5.421    5.507    5.642    5.940    6.117    6.351    6.493    6.609
    6.976    7.100    7.327    7.420    7.704    7.884    8.154    8.239    8.358    8.659
    8.944    9.126    9.254    9.401   10.317   10.566   13.329   13.553   13.649   13.963
   14.064   14.167   15.011   15.140   17.270   17.568   18.199   19.067   19.397   19.771
   20.406   21.007   21.967   22.271   23.039   23.425   23.769   23.857   24.683   25.110
            0.199142  0.163961  0.469984
  -91.705  -68.886  -64.318  -64.310  -52.145  -52.141  -52.128  -37.942  -37.933  -37.917
  -28.754  -28.732  -28.653  -28.640  -28.576  -28.528   -7.748   -7.687   -7.362   -7.151
   -6.847   -6.710   -6.495   -6.327    3.658    3.771    3.993    4.327    4.443    4.568
    4.782    4.991    5.435    5.472    5.632    5.965    6.144    6.313    6.476    6.587
    6.980    7.086    7.320    7.419    7.737    7.924    8.134    8.218    8.373    8.660
    8.917    9.129    9.235    9.413   10.299   10.564   13.318   13.546   13.644   13.963
   14.085   14.184   15.042   15.164   17.242   17.593   18.144   19.186   19.424   19.789
   20.336   20.975   21.859   22.184   23.014   23.501   23.710   23.968   24.596   25.158
            0.224142  0.184457  0.470181
  -91.705  -68.886  -64.318  -64.310  -52.145  -52.141  -52.128  -37.942  -37.933  -37.917
  -28.754  -28.732  -28.653  -28.640  -28.575  -28.528   -7.737   -7.664   -7.361   -7.152
   -6.870   -6.720   -6.499   -6.330    3.672    3.798    4.001    4.323    4.426    4.561
    4.794    5.005    5.417    5.459    5.636    5.979    6.154    6.316    6.460    6.576
    6.983    7.065    7.318    7.425    7.768    7.960    8.092    8.221    8.385    8.657
    8.888    9.115    9.223    9.429   10.279   10.552   13.311   13.536   13.637   13.961
   14.107   14.200   15.076   15.188   17.203   17.609   18.118   19.290   19.469   19.807
   20.285   20.941   21.762   22.097   22.977   23.500   23.705   24.058   24.544   25.210
            0.249142  0.204952  0.470379
  -91.705  -68.886  -64.318  -64.310  -52.145  -52.141  -52.128  -37.942  -37.933  -37.917
  -28.755  -28.732  -28.653  -28.640  -28.575  -28.528   -7.728   -7.639   -7.362   -7.155
   -6.884   -6.730   -6.503   -6.334    3.676    3.821    4.026    4.309    4.387    4.562
    4.810    5.021    5.403    5.445    5.647    5.976    6.163    6.327    6.468    6.572
    6.984    7.041    7.324    7.436    7.793    7.990    8.049    8.235    8.393    8.646
    8.859    9.084    9.228    9.445   10.258   10.529   13.308   13.522   13.626   13.959
   14.128   14.216   15.111   15.212   17.159   17.600   18.137   19.361   19.541   19.833
   20.256   20.908   21.675   22.011   22.926   23.417   23.768   24.114   24.538   25.242
            0.274141  0.225447  0.470577
  -91.705  -68.886  -64.318  -64.310  -52.145  -52.141  -52.128  -37.942  -37.933  -37.917
  -28.755  -28.733  -28.653  -28.640  -28.575  -28.527   -7.720   -7.616   -7.364   -7.162
   -6.891   -6.739   -6.508   -6.339    3.674    3.841    4.064    4.282    4.341    4.561
    4.827    5.039    5.394    5.439    5.655    5.969    6.187    6.313    6.497    6.583
    6.980    7.022    7.340    7.446    7.810    8.004    8.025    8.255    8.395    8.622
    8.832    9.046    9.242    9.458   10.234   10.493   13.309   13.505   13.613   13.958
   14.149   14.232   15.142   15.236   17.111   17.565   18.201   19.400   19.623   19.875
   20.247   20.878   21.599   21.928   22.858   23.320   23.836   24.142   24.575   25.244
            0.299141  0.245942  0.470774
  -91.705  -68.886  -64.318  -64.310  -52.145  -52.141  -52.128  -37.942  -37.933  -37.917
  -28.755  -28.733  -28.653  -28.640  -28.575  -28.527   -7.715   -7.594   -7.366   -7.172
   -6.889   -6.747   -6.511   -6.347    3.670    3.857    4.103    4.240    4.304    4.549
    4.849    5.053    5.386    5.450    5.652    5.971    6.221    6.288    6.515    6.618
    6.967    7.013    7.368    7.453    7.816    7.984    8.045    8.281    8.392    8.588
    8.808    9.009    9.258    9.470   10.209   10.445   13.312   13.485   13.600   13.956
   14.168   14.249   15.168   15.262   17.066   17.515   18.295   19.418   19.691   19.945
   20.258   20.855   21.533   21.847   22.772   23.230   23.889   24.165   24.631   25.230
            0.324141  0.266437  0.470972
  -91.705  -68.886  -64.318  -64.310  -52.145  -52.141  -52.128  -37.942  -37.933  -37.917
  -28.755  -28.733  -28.653  -28.640  -28.575  -28.527   -7.711   -7.575   -7.369   -7.183
   -6.881   -6.754   -6.514   -6.355    3.668    3.868    4.127    4.202    4.275    4.523
    4.876    5.060    5.379    5.476    5.642    5.985    6.238    6.279    6.532    6.660
    6.951    7.009    7.401    7.457    7.814    7.969    8.069    8.307    8.387    8.548
    8.787    8.978    9.274    9.479   10.181   10.387   13.315   13.465   13.585   13.951
   14.185   14.269   15.187   15.288   17.027   17.460   18.404   19.422   19.743   20.036
   20.283   20.841   21.478   21.771   22.673   23.148   23.922   24.202   24.682   25.221
            0.349140  0.286932  0.471169
  -91.705  -68.886  -64.318  -64.310  -52.145  -52.141  -52.128  -37.942  -37.933  -37.917
  -28.755  -28.733  -28.653  -28.640  -28.575  -28.527   -7.708   -7.559   -7.371   -7.192
   -6.871   -6.759   -6.516   -6.364    3.670    3.874    4.105    4.196    4.262    4.492
    4.900    5.067    5.374    5.505    5.635    6.005    6.206    6.314    6.562    6.699
    6.938    7.005    7.407    7.481    7.809    7.961    8.095    8.324    8.384    8.515
    8.768    8.951    9.286    9.489   10.150   10.322   13.318   13.447   13.571   13.942
   14.199   14.291   15.200   15.312   16.998   17.404   18.518   19.413   19.790   20.128
   20.318   20.841   21.433   21.700   22.569   23.067   23.947   24.249   24.713   25.232
            0.374140  0.307428  0.471367
  -91.705  -68.886  -64.318  -64.310  -52.145  -52.141  -52.128  -37.942  -37.933  -37.917
  -28.755  -28.733  -28.653  -28.641  -28.575  -28.527   -7.707   -7.547   -7.375   -7.196
   -6.861   -6.762   -6.517   -6.374    3.677    3.872    4.071    4.174    4.281    4.463
    4.908    5.084    5.372    5.526    5.639    6.022    6.169    6.355    6.606    6.734
    6.928    6.999    7.383    7.520    7.803    7.957    8.119    8.319    8.388    8.504
    8.753    8.927    9.291    9.501   10.117   10.255   13.320   13.431   13.558   13.931
   14.210   14.315   15.208   15.333   16.982   17.350   18.632   19.390   19.840   20.202
   20.362   20.856   21.397   21.638   22.473   22.979   23.977   24.293   24.727   25.253
            0.399140  0.327923  0.471564
  -91.705  -68.886  -64.318  -64.310  -52.145  -52.141  -52.128  -37.942  -37.933  -37.917
  -28.755  -28.734  -28.653  -28.641  -28.574  -28.527   -7.707   -7.538   -7.380   -7.196
   -6.853   -6.764   -6.517   -6.383    3.687    3.860    4.048    4.138    4.309    4.438
    4.902    5.112    5.372    5.536    5.651    6.025    6.143    6.395    6.658    6.771
    6.921    6.992    7.346    7.547    7.795    7.963    8.138    8.300    8.392    8.520
    8.742    8.905    9.287    9.516   10.083   10.191   13.320   13.416   13.546   13.919
   14.217   14.337   15.212   15.351   16.980   17.298   18.742   19.356   19.897   20.246
   20.413   20.883   21.371   21.588   22.394   22.882   24.019   24.321   24.738   25.202
            0.424140  0.348418  0.471762
  -91.705  -68.886  -64.318  -64.310  -52.145  -52.141  -52.128  -37.942  -37.933  -37.917
  -28.756  -28.734  -28.653  -28.641  -28.574  -28.527   -7.708   -7.533   -7.385   -7.193
   -6.847   -6.765   -6.516   -6.391    3.702    3.841    4.036    4.101    4.334    4.419
    4.889    5.140    5.376    5.541    5.664    6.006    6.141    6.430    6.706    6.812
    6.912    6.992    7.305    7.554    7.780    7.980    8.150    8.281    8.399    8.551
    8.737    8.881    9.276    9.532   10.050   10.136   13.320   13.403   13.537   13.908
   14.223   14.358   15.214   15.363   16.991   17.249   18.845   19.311   19.958   20.259
   20.464   20.915   21.352   21.552   22.346   22.774   24.075   24.330   24.754   25.104
            0.449139  0.368913  0.471960
  -91.705  -68.886  -64.318  -64.310  -52.145  -52.141  -52.128  -37.942  -37.933  -37.917
  -28.756  -28.734  -28.653  -28.641  -28.574  -28.527   -7.708   -7.529   -7.390   -7.188
   -6.843   -6.764   -6.515   -6.398    3.718    3.821    4.030    4.070    4.351    4.406
    4.876    5.162    5.384    5.545    5.671    5.980    6.151    6.458    6.744    6.846
    6.904    7.009    7.260    7.546    7.763    8.001    8.159    8.266    8.410    8.583
    8.741    8.856    9.262    9.548   10.021   10.093   13.321   13.393   13.529   13.900
   14.225   14.373   15.214   15.372   17.011   17.202   18.940   19.256   20.018   20.250
   20.507   20.942   21.339   21.529   22.338   22.660   24.140   24.322   24.768   25.020
            0.474139  0.389408  0.472157
  -91.705  -68.886  -64.318  -64.310  -52.145  -52.141  -52.128  -37.942  -37.933  -37.917
  -28.756  -28.734  -28.653  -28.641  -28.574  -28.527   -7.709   -7.527   -7.393   -7.185
   -6.841   -6.764   -6.514   -6.402    3.734    3.803    4.024    4.053    4.359    4.400
    4.868    5.175    5.393    5.549    5.673    5.959    6.160    6.476    6.771    6.850
    6.908    7.046    7.216    7.533    7.750    8.015    8.166    8.255    8.419    8.606
    8.755    8.829    9.249    9.560   10.002   10.066   13.323   13.385   13.525   13.895
   14.227   14.383   15.214   15.377   17.036   17.163   19.026   19.195   20.071   20.228
   20.535   20.959   21.333   21.516   22.373   22.548   24.204   24.301   24.766   24.973
            0.499139  0.409903  0.472355
  -91.705  -68.886  -64.318  -64.310  -52.145  -52.141  -52.128  -37.942  -37.933  -37.917
  -28.756  -28.734  -28.653  -28.641  -28.574  -28.527   -7.709   -7.527   -7.394   -7.183
   -6.840   -6.764   -6.514   -6.404    3.741    3.795    4.020    4.049    4.362    4.398
    4.866    5.179    5.396    5.550    5.673    5.952    6.164    6.483    6.783    6.843
    6.912    7.072    7.191    7.528    7.745    8.020    8.170    8.250    8.423    8.614
    8.768    8.812    9.245    9.564    9.995   10.057   13.323   13.382   13.523   13.893
   14.227   14.387   15.214   15.379   17.050   17.144   19.080   19.148   20.095   20.213
   20.545   20.964   21.331   21.511   22.437   22.459   24.246   24.277   24.759   24.962
