 &plot nbnd=  80, nks=   101 /
            0.000000  0.000000  0.000000
  -93.688  -68.870  -64.332  -64.322  -54.291  -54.273  -54.250  -37.926  -37.918  -37.902
  -28.778  -28.725  -28.688  -28.620  -28.614  -28.555   -8.612   -7.365   -7.096   -7.043
   -6.976   -6.805   -6.516   -6.280    2.256    2.334    3.106    3.347    3.504    3.617
    4.316    4.343    4.593    4.954    5.040    5.285    5.922    6.033    6.441    6.477
    6.553    6.719    6.909    7.402    7.439    7.627    7.855    7.973    8.141    8.604
    8.720    8.775    8.862    9.029    9.446    9.519    9.756   10.479   13.237   13.619
   13.813   13.855   14.551   14.870   16.046   17.402   18.348   18.765   18.781   20.848
   20.852   21.367   21.574   22.457   22.540   22.854   24.095   24.157   24.215   24.516
            0.000000  0.020495  0.000000
  -93.688  -68.870  -64.332  -64.322  -54.291  -54.273  -54.250  -37.926  -37.918  -37.902
  -28.778  -28.725  -28.688  -28.620  -28.614  -28.555   -8.610   -7.365   -7.098   -7.044
   -6.976   -6.804   -6.517   -6.280    2.257    2.334    3.107    3.348    3.504    3.619
    4.317    4.344    4.595    4.952    5.039    5.284    5.921    6.033    6.428    6.466
    6.560    6.723    6.917    7.388    7.443    7.641    7.855    7.974    8.137    8.602
    8.718    8.770    8.866    9.029    9.444    9.520    9.759   10.479   13.238   13.621
   13.775   13.892   14.551   14.868   16.053   17.403   18.337   18.772   18.780   20.837
   20.852   21.376   21.578   22.461   22.540   22.853   24.091   24.155   24.212   24.520
            0.000000  0.040990  0.000000
  -93.688  -68.870  -64.332  -64.322  -54.291  -54.273  -54.250  -37.926  -37.918  -37.902
  -28.778  -28.725  -28.688  -28.620  -28.614  -28.555   -8.606   -7.366   -7.104   -7.044
   -6.975   -6.802   -6.517   -6.280    2.260    2.336    3.110    3.351    3.504    3.627
    4.318    4.345    4.600    4.945    5.036    5.281    5.917    6.032    6.395    6.436
    6.573    6.732    6.941    7.358    7.453    7.672    7.857    7.979    8.124    8.598
    8.714    8.755    8.880    9.030    9.439    9.523    9.768   10.481   13.241   13.625
   13.721   13.943   14.548   14.864   16.073   17.406   18.307   18.778   18.788   20.804
   20.853   21.401   21.589   22.475   22.542   22.851   24.079   24.149   24.201   24.531
            0.000000  0.061486  0.000000
  -93.688  -68.870  -64.332  -64.322  -54.291  -54.273  -54.250  -37.926  -37.918  -37.902
  -28.778  -28.725  -28.688  -28.620  -28.614  -28.555   -8.600   -7.369   -7.114   -7.045
   -6.974   -6.800   -6.518   -6.281    2.266    2.338    3.115    3.356    3.504    3.639
    4.320    4.346    4.609    4.935    5.032    5.277    5.908    6.031    6.352    6.399
    6.584    6.742    6.974    7.322    7.470    7.703    7.860    7.989    8.105    8.592
    8.708    8.733    8.900    9.032    9.430    9.528    9.784   10.483   13.245   13.633
   13.666   13.993   14.544   14.857   16.108   17.410   18.262   18.774   18.811   20.753
   20.855   21.441   21.604   22.495   22.545   22.849   24.060   24.139   24.183   24.548
            0.000000  0.081981  0.000000
  -93.688  -68.870  -64.332  -64.322  -54.291  -54.273  -54.250  -37.926  -37.918  -37.902
  -28.778  -28.725  -28.688  -28.620  -28.614  -28.555   -8.590   -7.372   -7.126   -7.046
   -6.972   -6.797   -6.519   -6.281    2.275    2.341    3.122    3.363    3.503    3.656
    4.323    4.349    4.621    4.920    5.026    5.271    5.894    6.030    6.304    6.363
    6.588    6.752    7.012    7.289    7.494    7.724    7.863    8.006    8.085    8.583
    8.701    8.704    8.926    9.034    9.418    9.533    9.804   10.487   13.251   13.611
   13.643   14.039   14.540   14.847   16.155   17.416   18.207   18.767   18.836   20.689
   20.862   21.493   21.619   22.518   22.554   22.848   24.034   24.127   24.156   24.571
            0.000000  0.102476  0.000000
  -93.688  -68.870  -64.332  -64.322  -54.291  -54.273  -54.250  -37.926  -37.918  -37.902
  -28.778  -28.725  -28.688  -28.620  -28.614  -28.555   -8.578   -7.378   -7.139   -7.048
   -6.970   -6.794   -6.520   -6.281    2.285    2.345    3.131    3.372    3.503    3.678
    4.327    4.352    4.635    4.902    5.019    5.265    5.873    6.028    6.251    6.333
    6.585    6.761    7.051    7.261    7.522    7.727    7.868    8.022    8.077    8.573
    8.671    8.694    8.955    9.035    9.404    9.538    9.829   10.491   13.257   13.558
   13.656   14.081   14.535   14.834   16.215   17.423   18.145   18.758   18.859   20.615
   20.876   21.555   21.632   22.528   22.577   22.852   24.000   24.115   24.119   24.599
            0.000000  0.122971  0.000000
  -93.688  -68.870  -64.332  -64.322  -54.291  -54.273  -54.250  -37.926  -37.918  -37.902
  -28.778  -28.725  -28.688  -28.620  -28.614  -28.555   -8.564   -7.388   -7.151   -7.049
   -6.967   -6.792   -6.521   -6.281    2.297    2.349    3.142    3.383    3.502    3.703
    4.331    4.355    4.651    4.881    5.011    5.257    5.842    6.025    6.198    6.312
    6.575    6.770    7.088    7.239    7.554    7.711    7.873    8.016    8.098    8.562
    8.637    8.689    8.985    9.035    9.388    9.543    9.857   10.497   13.264   13.509
   13.673   14.117   14.532   14.818   16.286   17.431   18.080   18.747   18.878   20.535
   20.899   21.626   21.642   22.527   22.613   22.864   23.958   24.073   24.103   24.631
            0.000000  0.143466  0.000000
  -93.688  -68.870  -64.332  -64.322  -54.291  -54.273  -54.250  -37.926  -37.918  -37.902
  -28.778  -28.724  -28.688  -28.620  -28.615  -28.555   -8.547   -7.402   -7.161   -7.051
   -6.965   -6.791   -6.523   -6.282    2.311    2.353    3.155    3.397    3.502    3.731
    4.336    4.359    4.667    4.857    5.001    5.250    5.804    6.019    6.147    6.303
    6.559    6.778    7.123    7.223    7.588    7.679    7.880    8.001    8.132    8.550
    8.607    8.685    9.014    9.035    9.370    9.547    9.888   10.504   13.270   13.465
   13.691   14.146   14.532   14.800   16.367   17.441   18.012   18.731   18.894   20.451
   20.930   21.646   21.702   22.518   22.651   22.886   23.904   24.022   24.092   24.665
            0.000000  0.163961  0.000000
  -93.688  -68.870  -64.332  -64.322  -54.291  -54.273  -54.250  -37.926  -37.918  -37.902
  -28.777  -28.724  -28.688  -28.620  -28.615  -28.555   -8.528   -7.420   -7.168   -7.053
   -6.962   -6.791   -6.525   -6.282    2.326    2.358    3.170    3.411    3.501    3.763
    4.341    4.363    4.681    4.831    4.990    5.244    5.759    6.002    6.107    6.304
    6.539    6.785    7.155    7.212    7.621    7.635    7.888    7.987    8.158    8.539
    8.587    8.684    9.033    9.043    9.351    9.548    9.920   10.512   13.269   13.431
   13.713   14.166   14.536   14.780   16.457   17.451   17.944   18.712   18.904   20.366
   20.972   21.647   21.784   22.504   22.687   22.922   23.837   23.969   24.083   24.700
            0.000000  0.184457  0.000000
  -93.688  -68.870  -64.332  -64.322  -54.291  -54.273  -54.250  -37.926  -37.918  -37.902
  -28.777  -28.724  -28.688  -28.620  -28.615  -28.555   -8.507   -7.444   -7.171   -7.055
   -6.959   -6.793   -6.526   -6.282    2.343    2.363    3.186    3.428    3.501    3.797
    4.347    4.368    4.694    4.803    4.978    5.240    5.712    5.965    6.090    6.313
    6.516    6.791    7.185    7.204    7.584    7.652    7.897    7.974    8.170    8.527
    8.583    8.687    9.030    9.069    9.332    9.548    9.954   10.520   13.256   13.414
   13.737   14.176   14.545   14.757   16.554   17.462   17.877   18.687   18.911   20.282
   21.023   21.643   21.869   22.485   22.719   22.971   23.755   23.915   24.075   24.732
            0.000000  0.204952  0.000000
  -93.688  -68.870  -64.332  -64.322  -54.291  -54.273  -54.250  -37.926  -37.918  -37.902
  -28.777  -28.724  -28.688  -28.620  -28.615  -28.555   -8.484   -7.471   -7.170   -7.056
   -6.957   -6.795   -6.528   -6.283    2.360    2.369    3.203    3.445    3.501    3.833
    4.353    4.372    4.702    4.775    4.964    5.239    5.662    5.914    6.091    6.329
    6.491    6.796    7.195    7.211    7.529    7.679    7.907    7.962    8.163    8.514
    8.596    8.694    9.025    9.093    9.313    9.546    9.989   10.529   13.231   13.414
   13.763   14.176   14.559   14.732   16.659   17.473   17.811   18.656   18.913   20.200
   21.084   21.636   21.957   22.463   22.749   23.031   23.660   23.861   24.070   24.758
            0.000000  0.225447  0.000000
  -93.688  -68.870  -64.332  -64.322  -54.291  -54.273  -54.250  -37.926  -37.918  -37.902
  -28.777  -28.723  -28.688  -28.620  -28.616  -28.555   -8.460   -7.501   -7.167   -7.058
   -6.954   -6.799   -6.530   -6.283    2.374    2.377    3.221    3.463    3.501    3.870
    4.359    4.376    4.705    4.746    4.949    5.243    5.614    5.857    6.103    6.349
    6.467    6.798    7.184    7.234    7.474    7.702    7.920    7.953    8.140    8.500
    8.625    8.708    9.020    9.114    9.295    9.541   10.023   10.539   13.198   13.427
   13.791   14.168   14.577   14.705   16.769   17.484   17.748   18.619   18.912   20.122
   21.154   21.626   22.047   22.439   22.775   23.099   23.555   23.806   24.066   24.773
            0.000000  0.245942  0.000000
  -93.688  -68.870  -64.332  -64.322  -54.291  -54.273  -54.250  -37.926  -37.918  -37.902
  -28.777  -28.723  -28.688  -28.620  -28.616  -28.555   -8.435   -7.534   -7.162   -7.059
   -6.951   -6.803   -6.532   -6.283    2.378    2.395    3.240    3.481    3.501    3.907
    4.365    4.380    4.703    4.719    4.932    5.252    5.568    5.801    6.122    6.372
    6.443    6.799    7.166    7.254    7.423    7.722    7.933    7.944    8.108    8.483
    8.661    8.726    9.014    9.132    9.278    9.534   10.057   10.548   13.163   13.446
   13.820   14.153   14.597   14.677   16.883   17.496   17.690   18.573   18.908   20.050
   21.233   21.615   22.136   22.415   22.800   23.171   23.444   23.749   24.065   24.771
            0.000000  0.266437  0.000000
  -93.688  -68.870  -64.332  -64.322  -54.291  -54.273  -54.250  -37.926  -37.918  -37.902
  -28.777  -28.723  -28.688  -28.620  -28.616  -28.555   -8.410   -7.567   -7.155   -7.061
   -6.949   -6.809   -6.534   -6.284    2.383    2.412    3.259    3.499    3.502    3.944
    4.372    4.382    4.693    4.697    4.914    5.265    5.526    5.745    6.148    6.398
    6.421    6.798    7.136    7.270    7.381    7.739    7.936    7.948    8.072    8.464
    8.701    8.749    9.008    9.147    9.263    9.525   10.088   10.557   13.129   13.470
   13.851   14.133   14.618   14.648   17.001   17.507   17.635   18.519   18.902   19.986
   21.318   21.603   22.224   22.391   22.822   23.247   23.328   23.690   24.067   24.750
            0.000000  0.286932  0.000000
  -93.688  -68.870  -64.332  -64.322  -54.291  -54.273  -54.250  -37.926  -37.918  -37.902
  -28.777  -28.723  -28.688  -28.621  -28.617  -28.555   -8.384   -7.600   -7.147   -7.062
   -6.947   -6.815   -6.536   -6.284    2.387    2.427    3.278    3.502    3.516    3.980
    4.380    4.384    4.669    4.687    4.894    5.283    5.488    5.692    6.179    6.401
    6.424    6.795    7.093    7.282    7.351    7.756    7.929    7.962    8.036    8.443
    8.741    8.774    9.002    9.159    9.250    9.515   10.117   10.565   13.098   13.495
   13.882   14.110   14.619   14.638   17.119   17.518   17.587   18.455   18.896   19.929
   21.409   21.590   22.309   22.368   22.843   23.212   23.323   23.629   24.071   24.711
            0.000000  0.307428  0.000000
  -93.688  -68.870  -64.332  -64.322  -54.291  -54.273  -54.250  -37.926  -37.918  -37.902
  -28.777  -28.722  -28.688  -28.621  -28.617  -28.555   -8.359   -7.631   -7.139   -7.063
   -6.945   -6.821   -6.537   -6.284    2.390    2.442    3.295    3.503    3.531    4.013
    4.385    4.387    4.648    4.674    4.874    5.304    5.455    5.642    6.216    6.384
    6.450    6.791    7.039    7.290    7.333    7.772    7.923    7.975    8.004    8.422
    8.778    8.799    8.997    9.169    9.239    9.504   10.143   10.573   13.070   13.521
   13.912   14.086   14.590   14.656   17.237   17.530   17.544   18.383   18.889   19.881
   21.503   21.578   22.348   22.387   22.861   23.100   23.397   23.568   24.078   24.656
            0.000000  0.327923  0.000000
  -93.688  -68.870  -64.332  -64.322  -54.291  -54.273  -54.250  -37.926  -37.918  -37.902
  -28.777  -28.722  -28.688  -28.621  -28.617  -28.556   -8.336   -7.660   -7.132   -7.064
   -6.943   -6.826   -6.538   -6.284    2.393    2.454    3.311    3.504    3.544    4.042
    4.384    4.395    4.631    4.661    4.855    5.327    5.428    5.595    6.257    6.370
    6.474    6.785    6.979    7.295    7.323    7.789    7.917    7.977    7.986    8.401
    8.810    8.822    8.994    9.176    9.229    9.493   10.165   10.580   13.046   13.546
   13.940   14.062   14.563   14.672   17.350   17.508   17.545   18.303   18.882   19.843
   21.567   21.597   22.331   22.453   22.876   22.999   23.467   23.508   24.088   24.592
            0.000000  0.348418  0.000000
  -93.688  -68.870  -64.332  -64.322  -54.291  -54.273  -54.250  -37.926  -37.918  -37.902
  -28.777  -28.722  -28.688  -28.621  -28.617  -28.556   -8.317   -7.685   -7.125   -7.065
   -6.942   -6.832   -6.539   -6.285    2.396    2.465    3.324    3.505    3.555    4.067
    4.383    4.401    4.618    4.649    4.838    5.352    5.406    5.552    6.299    6.359
    6.496    6.779    6.919    7.297    7.317    7.804    7.910    7.956    7.995    8.382
    8.836    8.840    8.993    9.181    9.222    9.483   10.182   10.585   13.027   13.569
   13.965   14.040   14.538   14.685   17.443   17.480   17.577   18.215   18.877   19.813
   21.558   21.688   22.317   22.498   22.888   22.919   23.451   23.528   24.103   24.525
            0.000000  0.368913  0.000000
  -93.688  -68.870  -64.332  -64.322  -54.291  -54.273  -54.250  -37.926  -37.918  -37.902
  -28.777  -28.722  -28.688  -28.621  -28.617  -28.556   -8.301   -7.704   -7.120   -7.065
   -6.941   -6.836   -6.540   -6.285    2.397    2.472    3.334    3.505    3.562    4.086
    4.382    4.407    4.608    4.639    4.824    5.378    5.390    5.513    6.333    6.356
    6.513    6.773    6.866    7.298    7.313    7.816    7.904    7.942    8.002    8.366
    8.854    8.856    8.993    9.184    9.217    9.475   10.195   10.589   13.014   13.587
   13.985   14.022   14.519   14.694   17.460   17.492   17.646   18.124   18.872   19.792
   21.552   21.768   22.307   22.512   22.871   22.897   23.403   23.578   24.122   24.462
            0.000000  0.389408  0.000000
  -93.688  -68.870  -64.332  -64.322  -54.291  -54.273  -54.250  -37.926  -37.918  -37.902
  -28.777  -28.722  -28.688  -28.621  -28.617  -28.556   -8.291   -7.716   -7.117   -7.066
   -6.940   -6.838   -6.540   -6.285    2.398    2.477    3.340    3.506    3.567    4.098
    4.381    4.410    4.603    4.633    4.815    5.381    5.405    5.478    6.340    6.374
    6.525    6.769    6.827    7.298    7.312    7.825    7.899    7.935    8.006    8.356
    8.862    8.868    8.994    9.186    9.213    9.470   10.203   10.591   13.005   13.599
   13.998   14.010   14.507   14.700   17.447   17.508   17.732   18.037   18.870   19.779
   21.547   21.826   22.301   22.503   22.856   22.902   23.370   23.609   24.141   24.414
            0.000000  0.409903  0.000000
  -93.688  -68.870  -64.332  -64.322  -54.291  -54.273  -54.250  -37.926  -37.918  -37.902
  -28.777  -28.722  -28.688  -28.621  -28.617  -28.556   -8.288   -7.721   -7.116   -7.066
   -6.940   -6.839   -6.541   -6.285    2.399    2.478    3.343    3.506    3.569    4.102
    4.381    4.411    4.601    4.630    4.812    5.377    5.424    5.456    6.339    6.385
    6.529    6.768    6.813    7.298    7.311    7.828    7.897    7.933    8.007    8.353
    8.864    8.872    8.995    9.186    9.212    9.468   10.206   10.592   13.003   13.604
   14.003   14.006   14.502   14.702   17.443   17.512   17.779   17.991   18.869   19.775
   21.546   21.848   22.299   22.495   22.854   22.904   23.358   23.621   24.150   24.394
            0.025000  0.409903  0.000198
  -93.688  -68.870  -64.332  -64.322  -54.291  -54.273  -54.250  -37.926  -37.918  -37.902
  -28.777  -28.722  -28.688  -28.621  -28.617  -28.556   -8.287   -7.720   -7.118   -7.064
   -6.944   -6.836   -6.540   -6.286    2.398    2.477    3.342    3.504    3.572    4.105
    4.356    4.425    4.571    4.664    4.820    5.374    5.431    5.456    6.328    6.389
    6.535    6.768    6.821    7.265    7.342    7.808    7.904    7.934    8.013    8.352
    8.836    8.895    8.990    9.179    9.223    9.467   10.208   10.588   13.004   13.603
   13.983   14.029   14.498   14.703   17.447   17.515   17.785   17.979   18.880   19.775
   21.533   21.842   22.304   22.494   22.823   22.925   23.375   23.624   24.151   24.397
            0.049999  0.409903  0.000395
  -93.688  -68.870  -64.332  -64.322  -54.291  -54.273  -54.250  -37.926  -37.918  -37.902
  -28.777  -28.722  -28.688  -28.621  -28.617  -28.556   -8.284   -7.718   -7.125   -7.061
   -6.953   -6.827   -6.538   -6.289    2.396    2.471    3.342    3.500    3.580    4.113
    4.311    4.440    4.536    4.710    4.839    5.368    5.447    5.459    6.295    6.406
    6.549    6.770    6.843    7.229    7.376    7.772    7.898    7.943    8.033    8.351
    8.801    8.916    8.977    9.168    9.244    9.464   10.213   10.577   13.008   13.603
   13.965   14.057   14.484   14.706   17.459   17.524   17.801   17.945   18.913   19.776
   21.497   21.823   22.319   22.491   22.775   22.947   23.425   23.635   24.155   24.404
            0.074999  0.409903  0.000593
  -93.688  -68.870  -64.332  -64.322  -54.291  -54.273  -54.250  -37.926  -37.918  -37.902
  -28.777  -28.722  -28.688  -28.621  -28.617  -28.556   -8.279   -7.716   -7.135   -7.056
   -6.966   -6.814   -6.535   -6.295    2.393    2.461    3.340    3.494    3.591    4.125
    4.258    4.445    4.510    4.759    4.866    5.361    5.449    5.483    6.246    6.433
    6.566    6.773    6.876    7.200    7.404    7.731    7.877    7.947    8.066    8.347
    8.763    8.932    8.958    9.160    9.268    9.460   10.221   10.560   13.016   13.602
   13.947   14.090   14.464   14.708   17.478   17.537   17.819   17.902   18.962   19.778
   21.443   21.791   22.339   22.485   22.730   22.956   23.501   23.652   24.161   24.418
            0.099999  0.409903  0.000790
  -93.688  -68.870  -64.332  -64.322  -54.291  -54.273  -54.250  -37.926  -37.918  -37.902
  -28.777  -28.722  -28.689  -28.621  -28.617  -28.556   -8.272   -7.712   -7.148   -7.050
   -6.980   -6.800   -6.531   -6.303    2.389    2.449    3.339    3.489    3.604    4.133
    4.209    4.434    4.506    4.807    4.897    5.355    5.447    5.520    6.189    6.463
    6.585    6.777    6.912    7.184    7.426    7.691    7.850    7.941    8.105    8.338
    8.726    8.926    8.952    9.153    9.290    9.457   10.231   10.535   13.026   13.600
   13.931   14.128   14.439   14.710   17.504   17.556   17.793   17.903   19.021   19.780
   21.376   21.746   22.358   22.477   22.692   22.955   23.591   23.677   24.167   24.439
            0.124998  0.409903  0.000988
  -93.688  -68.870  -64.332  -64.322  -54.291  -54.273  -54.250  -37.926  -37.918  -37.902
  -28.777  -28.722  -28.689  -28.621  -28.617  -28.556   -8.264   -7.707   -7.162   -7.045
   -6.995   -6.784   -6.526   -6.312    2.384    2.434    3.336    3.482    3.617    4.110
    4.194    4.414    4.518    4.854    4.929    5.349    5.446    5.565    6.127    6.485
    6.608    6.787    6.947    7.189    7.441    7.651    7.819    7.927    8.144    8.324
    8.691    8.897    8.963    9.147    9.310    9.456   10.242   10.506   13.038   13.598
   13.915   14.169   14.410   14.709   17.536   17.577   17.727   17.949   19.087   19.784
   21.301   21.690   22.371   22.467   22.665   22.947   23.685   23.712   24.170   24.469
            0.149998  0.409903  0.001185
  -93.688  -68.870  -64.332  -64.322  -54.291  -54.273  -54.250  -37.926  -37.918  -37.902
  -28.777  -28.722  -28.689  -28.621  -28.617  -28.556   -8.254   -7.701   -7.178   -7.041
   -7.009   -6.769   -6.521   -6.323    2.378    2.417    3.334    3.475    3.628    4.060
    4.208    4.396    4.538    4.896    4.963    5.346    5.446    5.616    6.063    6.492
    6.628    6.809    6.980    7.215    7.449    7.614    7.785    7.904    8.180    8.302
    8.660    8.866    8.975    9.142    9.324    9.461   10.253   10.471   13.054   13.597
   13.898   14.213   14.381   14.704   17.563   17.598   17.665   18.013   19.155   19.788
   21.221   21.626   22.371   22.456   22.648   22.937   23.738   23.794   24.169   24.509
            0.174998  0.409903  0.001383
  -93.688  -68.870  -64.332  -64.322  -54.291  -54.273  -54.250  -37.926  -37.918  -37.902
  -28.777  -28.722  -28.689  -28.621  -28.617  -28.556   -8.243   -7.693   -7.195   -7.041
   -7.019   -6.754   -6.516   -6.335    2.371    2.398    3.331    3.465    3.638    4.009
    4.228    4.385    4.564    4.930    5.003    5.345    5.449    5.672    5.999    6.480
    6.638    6.842    7.019    7.256    7.444    7.590    7.750    7.872    8.210    8.274
    8.632    8.837    8.988    9.138    9.331    9.472   10.263   10.431   13.072   13.595
   13.880   14.258   14.353   14.696   17.528   17.630   17.659   18.089   19.225   19.794
   21.139   21.557   22.359   22.444   22.639   22.928   23.779   23.886   24.158   24.561
            0.199997  0.409903  0.001581
  -93.688  -68.870  -64.332  -64.322  -54.291  -54.273  -54.250  -37.926  -37.918  -37.902
  -28.777  -28.722  -28.689  -28.621  -28.617  -28.556   -8.230   -7.685   -7.213   -7.049
   -7.019   -6.739   -6.513   -6.347    2.364    2.379    3.328    3.452    3.645    3.963
    4.245    4.385    4.595    4.954    5.048    5.348    5.454    5.728    5.940    6.452
    6.640    6.878    7.075    7.292    7.428    7.587    7.713    7.833    8.232    8.242
    8.606    8.812    9.001    9.135    9.331    9.490   10.271   10.388   13.093   13.593
   13.861   14.289   14.339   14.683   17.452   17.674   17.689   18.174   19.293   19.802
   21.056   21.483   22.336   22.428   22.633   22.925   23.822   23.968   24.134   24.623
            0.224997  0.409903  0.001778
  -93.688  -68.870  -64.332  -64.322  -54.291  -54.273  -54.250  -37.926  -37.918  -37.902
  -28.777  -28.722  -28.689  -28.621  -28.617  -28.556   -8.217   -7.677   -7.232   -7.062
   -7.015   -6.725   -6.510   -6.359    2.353    2.362    3.324    3.436    3.649    3.925
    4.258    4.394    4.631    4.971    5.097    5.358    5.461    5.770    5.899    6.412
    6.639    6.910    7.147    7.293    7.426    7.598    7.682    7.789    8.203    8.249
    8.576    8.796    9.014    9.135    9.325    9.511   10.275   10.343   13.116   13.592
   13.841   14.278   14.370   14.667   17.369   17.713   17.735   18.268   19.359   19.813
   20.972   21.406   22.307   22.408   22.624   22.932   23.865   24.034   24.092   24.694
            0.249997  0.409903  0.001976
  -93.688  -68.870  -64.332  -64.322  -54.291  -54.273  -54.250  -37.926  -37.918  -37.902
  -28.777  -28.722  -28.689  -28.622  -28.617  -28.556   -8.203   -7.667   -7.251   -7.075
   -7.009   -6.712   -6.510   -6.370    2.337    2.350    3.320    3.417    3.648    3.898
    4.267    4.411    4.669    4.983    5.144    5.376    5.472    5.764    5.913    6.363
    6.634    6.938    7.213    7.267    7.444    7.581    7.687    7.757    8.166    8.256
    8.541    8.790    9.025    9.138    9.316    9.536   10.275   10.297   13.141   13.592
   13.819   14.255   14.415   14.647   17.288   17.750   17.790   18.368   19.422   19.826
   20.890   21.328   22.273   22.382   22.611   22.953   23.907   24.021   24.095   24.773
            0.274996  0.409903  0.002173
  -93.688  -68.870  -64.332  -64.322  -54.291  -54.273  -54.250  -37.926  -37.918  -37.902
  -28.777  -28.722  -28.689  -28.622  -28.617  -28.556   -8.190   -7.657   -7.271   -7.087
   -7.003   -6.699   -6.512   -6.378    2.319    2.341    3.314    3.396    3.642    3.882
    4.275    4.432    4.708    4.992    5.189    5.402    5.486    5.723    5.965    6.311
    6.628    6.963    7.178    7.327    7.443    7.547    7.687    7.782    8.129    8.258
    8.501    8.789    9.033    9.145    9.304    9.561   10.246   10.274   13.167   13.592
   13.797   14.233   14.460   14.623   17.211   17.786   17.846   18.472   19.481   19.845
   20.809   21.249   22.237   22.353   22.590   22.988   23.934   23.954   24.135   24.854
            0.299996  0.409903  0.002371
  -93.688  -68.870  -64.332  -64.322  -54.291  -54.273  -54.250  -37.926  -37.918  -37.902
  -28.777  -28.722  -28.690  -28.622  -28.617  -28.556   -8.176   -7.646   -7.290   -7.099
   -6.997   -6.688   -6.517   -6.385    2.301    2.333    3.306    3.377    3.632    3.876
    4.282    4.456    4.745    5.000    5.228    5.435    5.504    5.682    6.024    6.259
    6.620    6.979    7.121    7.383    7.408    7.531    7.688    7.849    8.095    8.256
    8.457    8.791    9.039    9.154    9.290    9.586   10.200   10.266   13.195   13.594
   13.774   14.215   14.502   14.597   17.138   17.821   17.902   18.578   19.535   19.868
   20.730   21.168   22.199   22.322   22.562   23.039   23.857   23.976   24.168   24.931
            0.324996  0.409903  0.002568
  -93.688  -68.870  -64.332  -64.322  -54.291  -54.273  -54.250  -37.926  -37.918  -37.902
  -28.777  -28.721  -28.690  -28.622  -28.617  -28.556   -8.162   -7.634   -7.309   -7.109
   -6.991   -6.678   -6.525   -6.389    2.284    2.325    3.292    3.362    3.620    3.877
    4.289    4.482    4.775    5.011    5.262    5.467    5.528    5.655    6.078    6.213
    6.611    6.969    7.085    7.305    7.458    7.520    7.725    7.916    8.072    8.252
    8.411    8.789    9.045    9.164    9.277    9.610   10.154   10.254   13.223   13.596
   13.751   14.202   14.535   14.573   17.071   17.855   17.957   18.684   19.585   19.898
   20.654   21.087   22.160   22.290   22.530   23.101   23.775   23.996   24.197   24.989
            0.349996  0.409903  0.002766
  -93.688  -68.870  -64.332  -64.322  -54.291  -54.273  -54.250  -37.926  -37.918  -37.902
  -28.777  -28.721  -28.690  -28.622  -28.617  -28.556   -8.150   -7.623   -7.328   -7.118
   -6.986   -6.669   -6.534   -6.391    2.269    2.318    3.274    3.353    3.607    3.883
    4.294    4.508    4.795    5.027    5.289    5.479    5.556    5.662    6.101    6.197
    6.599    6.921    7.086    7.215    7.454    7.545    7.782    7.954    8.082    8.251
    8.366    8.780    9.052    9.169    9.269    9.631   10.112   10.239   13.251   13.600
   13.727   14.194   14.525   14.587   17.011   17.886   18.009   18.787   19.629   19.934
   20.582   21.006   22.123   22.260   22.494   23.175   23.699   24.007   24.222   24.997
            0.374995  0.409903  0.002964
  -93.688  -68.870  -64.332  -64.322  -54.291  -54.273  -54.250  -37.926  -37.918  -37.902
  -28.777  -28.721  -28.690  -28.622  -28.617  -28.556   -8.138   -7.612   -7.345   -7.126
   -6.981   -6.661   -6.543   -6.392    2.256    2.311    3.254    3.347    3.595    3.892
    4.298    4.534    4.803    5.049    5.309    5.468    5.586    5.707    6.076    6.230
    6.583    6.856    7.101    7.128    7.428    7.578    7.837    7.965    8.129    8.254
    8.328    8.762    9.060    9.166    9.267    9.651   10.073   10.222   13.278   13.604
   13.703   14.193   14.493   14.616   16.958   17.914   18.056   18.882   19.671   19.973
   20.515   20.925   22.087   22.234   22.458   23.256   23.636   24.009   24.242   24.933
            0.399995  0.409903  0.003161
  -93.688  -68.870  -64.332  -64.322  -54.291  -54.273  -54.250  -37.926  -37.918  -37.902
  -28.777  -28.721  -28.690  -28.622  -28.617  -28.556   -8.128   -7.601   -7.361   -7.132
   -6.976   -6.654   -6.553   -6.392    2.245    2.305    3.236    3.344    3.585    3.902
    4.301    4.560    4.802    5.077    5.321    5.448    5.619    5.774    6.038    6.275
    6.561    6.786    7.050    7.118    7.409    7.596    7.868    7.992    8.173    8.242
    8.327    8.733    9.069    9.157    9.271    9.667   10.040   10.204   13.303   13.608
   13.680   14.197   14.458   14.641   16.915   17.938   18.097   18.967   19.712   20.013
   20.455   20.846   22.056   22.211   22.423   23.341   23.586   24.004   24.256   24.831
            0.424995  0.409903  0.003359
  -93.688  -68.870  -64.332  -64.322  -54.291  -54.273  -54.250  -37.926  -37.918  -37.902
  -28.777  -28.721  -28.690  -28.622  -28.617  -28.556   -8.120   -7.591   -7.375   -7.137
   -6.973   -6.649   -6.561   -6.392    2.236    2.301    3.220    3.342    3.576    3.911
    4.303    4.585    4.793    5.108    5.319    5.435    5.651    5.847    6.003    6.319
    6.531    6.717    6.991    7.128    7.403    7.592    7.888    8.028    8.204    8.212
    8.370    8.695    9.075    9.146    9.278    9.679   10.014   10.187   13.326   13.612
   13.660   14.206   14.424   14.662   16.880   17.958   18.131   19.037   19.752   20.047
   20.409   20.771   22.030   22.193   22.391   23.419   23.559   23.994   24.260   24.729
            0.449994  0.409903  0.003556
  -93.688  -68.870  -64.332  -64.322  -54.291  -54.273  -54.250  -37.926  -37.918  -37.902
  -28.777  -28.721  -28.690  -28.622  -28.617  -28.556   -8.114   -7.583   -7.386   -7.141
   -6.970   -6.645   -6.567   -6.391    2.230    2.297    3.209    3.341    3.569    3.919
    4.304    4.607    4.781    5.139    5.303    5.431    5.679    5.912    5.979    6.357
    6.496    6.653    6.953    7.131    7.412    7.571    7.914    8.047    8.174    8.242
    8.425    8.648    9.078    9.138    9.285    9.688    9.994   10.173   13.345   13.616
   13.643   14.218   14.393   14.677   16.855   17.972   18.156   19.089   19.790   20.067
   20.382   20.704   22.010   22.180   22.367   23.460   23.573   23.981   24.253   24.647
            0.474994  0.409903  0.003754
  -93.688  -68.870  -64.332  -64.322  -54.291  -54.273  -54.250  -37.926  -37.918  -37.902
  -28.777  -28.721  -28.690  -28.622  -28.617  -28.556   -8.111   -7.578   -7.393   -7.143
   -6.968   -6.642   -6.571   -6.391    2.226    2.295    3.201    3.340    3.566    3.924
    4.305    4.623    4.770    5.165    5.283    5.432    5.699    5.936    5.990    6.387
    6.463    6.604    6.932    7.131    7.431    7.542    7.944    8.041    8.155    8.270
    8.481    8.596    9.077    9.135    9.289    9.693    9.982   10.164   13.357   13.619
   13.631   14.231   14.370   14.686   16.840   17.981   18.171   19.120   19.820   20.071
   20.376   20.654   21.998   22.172   22.351   23.464   23.618   23.968   24.239   24.597
            0.499994  0.409903  0.003951
  -93.688  -68.870  -64.332  -64.322  -54.291  -54.273  -54.250  -37.926  -37.918  -37.902
  -28.777  -28.721  -28.690  -28.622  -28.617  -28.556   -8.110   -7.576   -7.395   -7.144
   -6.968   -6.641   -6.573   -6.391    2.225    2.294    3.199    3.340    3.564    3.925
    4.305    4.630    4.765    5.178    5.273    5.432    5.706    5.933    6.008    6.399
    6.449    6.585    6.926    7.130    7.444    7.526    7.962    8.031    8.149    8.282
    8.528    8.551    9.076    9.135    9.291    9.694    9.978   10.161   13.361   13.621
   13.625   14.236   14.360   14.689   16.835   17.984   18.176   19.131   19.833   20.070
   20.378   20.634   21.994   22.170   22.345   23.462   23.640   23.962   24.231   24.581
            0.474994  0.389408  0.003754
  -93.688  -68.870  -64.332  -64.322  -54.291  -54.273  -54.250  -37.926  -37.918  -37.902
  -28.777  -28.721  -28.690  -28.622  -28.617  -28.556   -8.112   -7.577   -7.392   -7.143
   -6.968   -6.642   -6.573   -6.392    2.227    2.296    3.202    3.340    3.567    3.924
    4.304    4.622    4.768    5.160    5.282    5.432    5.702    5.932    5.988    6.387
    6.465    6.610    6.930    7.131    7.434    7.543    7.935    8.038    8.159    8.259
    8.493    8.606    9.075    9.136    9.289    9.693    9.984   10.165   13.357   13.618
   13.630   14.228   14.369   14.687   16.844   17.976   18.171   19.117   19.809   20.064
   20.380   20.669   21.990   22.170   22.355   23.452   23.634   23.958   24.231   24.602
            0.449994  0.368913  0.003556
  -93.688  -68.870  -64.332  -64.322  -54.291  -54.273  -54.250  -37.926  -37.918  -37.902
  -28.777  -28.721  -28.690  -28.622  -28.617  -28.556   -8.118   -7.579   -7.383   -7.140
   -6.969   -6.645   -6.571   -6.393    2.234    2.300    3.211    3.341    3.576    3.919
    4.299    4.601    4.777    5.122    5.296    5.427    5.694    5.907    5.968    6.372
    6.487    6.673    6.946    7.133    7.420    7.573    7.881    8.029    8.172    8.226
    8.474    8.676    9.072    9.139    9.285    9.687    9.999   10.181   13.345   13.612
   13.640   14.209   14.389   14.683   16.872   17.954   18.158   19.072   19.747   20.058
   20.383   20.755   21.983   22.173   22.381   23.416   23.639   23.937   24.228   24.664
            0.424995  0.348418  0.003359
  -93.688  -68.870  -64.332  -64.322  -54.291  -54.273  -54.250  -37.926  -37.918  -37.902
  -28.777  -28.722  -28.690  -28.622  -28.617  -28.556   -8.129   -7.581   -7.371   -7.135
   -6.970   -6.650   -6.569   -6.395    2.242    2.308    3.226    3.344    3.589    3.911
    4.289    4.573    4.789    5.077    5.294    5.416    5.689    5.851    5.979    6.359
    6.507    6.739    6.988    7.142    7.414    7.593    7.816    7.984    8.168    8.243
    8.469    8.739    9.067    9.140    9.281    9.678   10.018   10.208   13.329   13.603
   13.653   14.190   14.412   14.678   16.917   17.916   18.140   18.996   19.670   20.064
   20.382   20.862   21.979   22.177   22.414   23.362   23.671   23.899   24.222   24.748
            0.399995  0.327923  0.003161
  -93.688  -68.870  -64.332  -64.322  -54.291  -54.273  -54.250  -37.926  -37.918  -37.902
  -28.777  -28.722  -28.690  -28.622  -28.617  -28.556   -8.145   -7.580   -7.355   -7.128
   -6.971   -6.657   -6.567   -6.398    2.251    2.320    3.246    3.348    3.604    3.901
    4.274    4.545    4.800    5.028    5.259    5.415    5.686    5.799    6.001    6.346
    6.519    6.788    7.062    7.159    7.413    7.581    7.755    7.931    8.177    8.273
    8.472    8.792    9.061    9.137    9.279    9.665   10.036   10.247   13.311   13.591
   13.666   14.174   14.433   14.672   16.975   17.863   18.117   18.892   19.598   20.080
   20.378   20.968   21.989   22.181   22.446   23.311   23.704   23.870   24.216   24.817
            0.374995  0.307428  0.002964
  -93.688  -68.870  -64.332  -64.322  -54.291  -54.273  -54.250  -37.926  -37.918  -37.902
  -28.777  -28.722  -28.690  -28.622  -28.616  -28.556   -8.166   -7.576   -7.338   -7.119
   -6.973   -6.666   -6.563   -6.400    2.259    2.335    3.269    3.355    3.617    3.890
    4.253    4.522    4.804    4.976    5.201    5.432    5.673    5.762    6.031    6.333
    6.522    6.830    7.134    7.197    7.394    7.549    7.714    7.898    8.196    8.294
    8.483    8.834    9.052    9.135    9.279    9.648   10.049   10.293   13.295   13.576
   13.675   14.165   14.451   14.667   17.042   17.798   18.089   18.770   19.536   20.104
   20.372   21.058   22.016   22.184   22.474   23.276   23.680   23.911   24.211   24.825
            0.349996  0.286932  0.002766
  -93.688  -68.870  -64.332  -64.322  -54.291  -54.273  -54.250  -37.926  -37.918  -37.902
  -28.777  -28.722  -28.690  -28.622  -28.616  -28.556   -8.194   -7.566   -7.321   -7.108
   -6.974   -6.676   -6.558   -6.402    2.264    2.353    3.291    3.367    3.624    3.881
    4.228    4.508    4.788    4.932    5.144    5.457    5.646    5.743    6.064    6.323
    6.516    6.875    7.141    7.271    7.350    7.546    7.694    7.887    8.219    8.301
    8.501    8.863    9.043    9.136    9.278    9.627   10.060   10.339   13.281   13.557
   13.680   14.163   14.466   14.664   17.110   17.728   18.056   18.648   19.484   20.135
   20.366   21.126   22.058   22.188   22.502   23.256   23.619   24.011   24.210   24.755
            0.324996  0.266437  0.002568
  -93.688  -68.870  -64.332  -64.322  -54.291  -54.273  -54.250  -37.926  -37.918  -37.902
  -28.777  -28.723  -28.690  -28.622  -28.616  -28.556   -8.227   -7.551   -7.305   -7.096
   -6.975   -6.689   -6.552   -6.403    2.269    2.369    3.306    3.387    3.622    3.873
    4.204    4.503    4.738    4.912    5.098    5.482    5.616    5.735    6.098    6.314
    6.506    6.912    7.088    7.298    7.381    7.565    7.697    7.889    8.238    8.298
    8.525    8.876    9.035    9.142    9.275    9.604   10.068   10.381   13.273   13.536
   13.681   14.165   14.481   14.662   17.167   17.657   18.015   18.542   19.436   20.170
   20.362   21.172   22.095   22.210   22.533   23.237   23.565   24.128   24.219   24.637
            0.299996  0.245942  0.002371
  -93.688  -68.870  -64.332  -64.322  -54.291  -54.273  -54.250  -37.926  -37.918  -37.902
  -28.777  -28.723  -28.690  -28.622  -28.616  -28.556   -8.264   -7.531   -7.290   -7.083
   -6.976   -6.702   -6.546   -6.403    2.273    2.384    3.314    3.413    3.610    3.867
    4.181    4.508    4.672    4.907    5.067    5.488    5.600    5.737    6.129    6.309
    6.494    6.893    7.047    7.326    7.428    7.595    7.725    7.900    8.238    8.302
    8.550    8.874    9.029    9.153    9.268    9.580   10.076   10.412   13.272   13.513
   13.677   14.168   14.499   14.661   17.194   17.590   17.976   18.467   19.391   20.205
   20.364   21.202   22.101   22.266   22.576   23.199   23.543   24.194   24.292   24.504
            0.274996  0.225447  0.002173
  -93.688  -68.870  -64.332  -64.322  -54.291  -54.273  -54.250  -37.926  -37.918  -37.902
  -28.777  -28.723  -28.689  -28.621  -28.616  -28.555   -8.304   -7.507   -7.275   -7.071
   -6.977   -6.717   -6.540   -6.399    2.276    2.394    3.314    3.436    3.590    3.863
    4.157    4.513    4.622    4.905    5.048    5.464    5.605    5.758    6.151    6.310
    6.479    6.804    7.067    7.370    7.443    7.639    7.761    7.921    8.218    8.317
    8.573    8.861    9.025    9.166    9.258    9.557   10.082   10.431   13.279   13.488
   13.671   14.169   14.520   14.661   17.171   17.532   17.955   18.428   19.346   20.236
   20.379   21.222   22.087   22.333   22.636   23.134   23.559   24.207   24.338   24.452
            0.249997  0.204952  0.001976
  -93.688  -68.870  -64.332  -64.322  -54.291  -54.273  -54.250  -37.926  -37.918  -37.902
  -28.778  -28.723  -28.689  -28.621  -28.615  -28.555   -8.345   -7.482   -7.262   -7.059
   -6.976   -6.731   -6.534   -6.393    2.278    2.399    3.307    3.451    3.566    3.860
    4.131    4.502    4.615    4.903    5.040    5.424    5.610    5.803    6.162    6.317
    6.457    6.717    7.099    7.413    7.449    7.691    7.787    7.953    8.194    8.332
    8.593    8.842    9.021    9.178    9.248    9.535   10.086   10.439   13.292   13.464
   13.664   14.166   14.546   14.661   17.092   17.484   17.961   18.423   19.301   20.258
   20.412   21.238   22.065   22.389   22.710   23.060   23.598   24.193   24.242   24.565
            0.224997  0.184457  0.001778
  -93.688  -68.870  -64.332  -64.322  -54.291  -54.273  -54.250  -37.926  -37.918  -37.902
  -28.778  -28.724  -28.689  -28.621  -28.615  -28.555   -8.387   -7.456   -7.248   -7.049
   -6.976   -6.744   -6.529   -6.384    2.280    2.399    3.292    3.457    3.542    3.855
    4.104    4.484    4.639    4.903    5.038    5.384    5.612    5.864    6.163    6.325
    6.430    6.660    7.128    7.416    7.486    7.738    7.799    7.989    8.175    8.338
    8.612    8.822    9.018    9.178    9.247    9.515   10.086   10.437   13.310   13.444
   13.656   14.156   14.572   14.667   16.971   17.446   17.986   18.447   19.254   20.278
   20.460   21.255   22.036   22.431   22.774   23.002   23.649   24.088   24.244   24.635
            0.199997  0.163961  0.001581
  -93.688  -68.870  -64.332  -64.322  -54.291  -54.273  -54.250  -37.926  -37.918  -37.902
  -28.778  -28.724  -28.689  -28.621  -28.615  -28.555   -8.428   -7.431   -7.233   -7.041
   -6.975   -6.757   -6.525   -6.372    2.281    2.395    3.270    3.456    3.519    3.841
    4.087    4.475    4.666    4.904    5.041    5.352    5.618    5.930    6.160    6.315
    6.419    6.635    7.150    7.406    7.522    7.779    7.802    8.026    8.162    8.333
    8.628    8.805    9.017    9.160    9.262    9.499   10.077   10.431   13.322   13.437
   13.648   14.141   14.589   14.683   16.828   17.420   18.018   18.492   19.204   20.302
   20.518   21.275   21.997   22.460   22.780   23.003   23.704   23.999   24.260   24.614
            0.174998  0.143466  0.001383
  -93.688  -68.870  -64.332  -64.322  -54.291  -54.273  -54.250  -37.926  -37.918  -37.902
  -28.778  -28.724  -28.689  -28.621  -28.615  -28.555   -8.467   -7.410   -7.216   -7.036
   -6.974   -6.767   -6.523   -6.358    2.281    2.386    3.242    3.449    3.499    3.813
    4.088    4.476    4.683    4.902    5.049    5.334    5.635    5.987    6.163    6.289
    6.435    6.631    7.160    7.394    7.543    7.799    7.810    8.061    8.151    8.321
    8.641    8.796    9.020    9.130    9.286    9.486   10.056   10.426   13.319   13.454
   13.641   14.121   14.593   14.711   16.678   17.404   18.053   18.549   19.152   20.338
   20.582   21.300   21.946   22.482   22.735   23.038   23.758   23.952   24.275   24.548
            0.149998  0.122971  0.001185
  -93.688  -68.870  -64.332  -64.322  -54.291  -54.273  -54.250  -37.926  -37.918  -37.902
  -28.778  -28.724  -28.689  -28.620  -28.614  -28.555   -8.503   -7.394   -7.197   -7.034
   -6.973   -6.776   -6.521   -6.342    2.280    2.375    3.212    3.434    3.488    3.774
    4.104    4.481    4.684    4.893    5.058    5.326    5.673    6.022    6.171    6.285
    6.460    6.638    7.155    7.384    7.547    7.791    7.832    8.087    8.140    8.318
    8.648    8.799    9.025    9.093    9.316    9.478   10.020   10.427   13.304   13.492
   13.636   14.095   14.589   14.745   16.531   17.396   18.091   18.607   19.094   20.389
   20.648   21.326   21.883   22.497   22.681   23.050   23.819   23.954   24.283   24.481
            0.124998  0.102476  0.000988
  -93.688  -68.870  -64.332  -64.322  -54.291  -54.273  -54.250  -37.926  -37.918  -37.902
  -28.778  -28.725  -28.689  -28.620  -28.614  -28.555   -8.535   -7.382   -7.175   -7.033
   -6.972   -6.784   -6.520   -6.326    2.278    2.363    3.182    3.413    3.487    3.733
    4.130    4.485    4.668    4.886    5.066    5.321    5.732    6.042    6.164    6.327
    6.488    6.652    7.132    7.374    7.541    7.774    7.847    8.087    8.126    8.345
    8.647    8.814    9.023    9.055    9.348    9.474    9.971   10.434   13.286   13.539
   13.633   14.063   14.582   14.779   16.394   17.393   18.134   18.659   19.033   20.455
   20.715   21.353   21.810   22.508   22.631   23.025   23.893   23.989   24.276   24.434
            0.099999  0.081981  0.000790
  -93.688  -68.870  -64.332  -64.322  -54.291  -54.273  -54.250  -37.926  -37.918  -37.902
  -28.778  -28.725  -28.688  -28.620  -28.614  -28.555   -8.562   -7.374   -7.153   -7.035
   -6.973   -6.791   -6.519   -6.311    2.273    2.352    3.156    3.392    3.489    3.695
    4.162    4.481    4.642    4.890    5.068    5.313    5.800    6.056    6.164    6.387
    6.516    6.668    7.090    7.368    7.527    7.746    7.858    8.057    8.120    8.404
    8.642    8.834    8.992    9.039    9.380    9.476    9.915   10.445   13.269   13.588
   13.636   14.027   14.573   14.810   16.275   17.395   18.183   18.702   18.968   20.535
   20.779   21.375   21.734   22.512   22.590   22.978   23.971   24.044   24.251   24.419
            0.074999  0.061486  0.000593
  -93.688  -68.870  -64.332  -64.322  -54.291  -54.273  -54.250  -37.926  -37.918  -37.902
  -28.778  -28.725  -28.688  -28.620  -28.614  -28.555   -8.583   -7.369   -7.131   -7.037
   -6.973   -6.796   -6.518   -6.298    2.268    2.343    3.135    3.373    3.494    3.663
    4.198    4.462    4.617    4.904    5.064    5.303    5.859    6.057    6.204    6.442
    6.543    6.685    7.034    7.368    7.505    7.711    7.864    8.018    8.124    8.477
    8.640    8.848    8.945    9.032    9.408    9.484    9.858   10.458   13.255   13.615
   13.665   13.986   14.565   14.835   16.177   17.397   18.237   18.734   18.901   20.622
   20.833   21.386   21.665   22.503   22.561   22.928   24.032   24.102   24.226   24.431
            0.049999  0.040990  0.000395
  -93.688  -68.870  -64.332  -64.322  -54.291  -54.273  -54.250  -37.926  -37.918  -37.902
  -28.778  -28.725  -28.688  -28.620  -28.614  -28.555   -8.599   -7.367   -7.113   -7.040
   -6.975   -6.801   -6.517   -6.288    2.262    2.338    3.119    3.359    3.499    3.638
    4.237    4.426    4.601    4.925    5.056    5.294    5.896    6.047    6.285    6.478
    6.563    6.701    6.974    7.376    7.479    7.672    7.863    7.990    8.131    8.548
    8.647    8.845    8.898    9.028    9.430    9.498    9.807   10.469   13.245   13.618
   13.718   13.940   14.558   14.854   16.105   17.400   18.290   18.756   18.840   20.711
   20.870   21.384   21.613   22.482   22.548   22.887   24.075   24.131   24.219   24.464
            0.025000  0.020495  0.000198
  -93.688  -68.870  -64.332  -64.322  -54.291  -54.273  -54.250  -37.926  -37.918  -37.902
  -28.778  -28.725  -28.688  -28.620  -28.614  -28.555   -8.609   -7.365   -7.101   -7.042
   -6.976   -6.804   -6.517   -6.282    2.257    2.335    3.109    3.350    3.503    3.622
    4.280    4.381    4.595    4.945    5.045    5.287    5.916    6.037    6.379    6.491
    6.562    6.714    6.927    7.391    7.453    7.640    7.857    7.976    8.138    8.593
    8.680    8.813    8.869    9.028    9.442    9.513    9.770   10.476   13.239   13.619
   13.774   13.892   14.553   14.866   16.061   17.401   18.331   18.767   18.794   20.791
   20.878   21.373   21.583   22.464   22.542   22.862   24.093   24.147   24.218   24.500
            0.000000  0.000000  0.000000
  -93.688  -68.870  -64.332  -64.322  -54.291  -54.273  -54.250  -37.926  -37.918  -37.902
  -28.778  -28.725  -28.688  -28.620  -28.614  -28.555   -8.612   -7.365   -7.096   -7.043
   -6.976   -6.805   -6.516   -6.280    2.256    2.334    3.106    3.347    3.504    3.617
    4.316    4.343    4.593    4.954    5.040    5.285    5.922    6.033    6.441    6.477
    6.553    6.719    6.909    7.402    7.439    7.627    7.855    7.973    8.141    8.604
    8.720    8.775    8.862    9.029    9.446    9.519    9.756   10.479   13.237   13.619
   13.813   13.855   14.551   14.870   16.046   17.402   18.348   18.765   18.781   20.848
   20.852   21.367   21.574   22.457   22.540   22.854   24.095   24.157   24.215   24.516
           -0.000043  0.000000  0.023420
  -93.688  -68.870  -64.332  -64.322  -54.291  -54.273  -54.250  -37.926  -37.918  -37.902
  -28.778  -28.725  -28.688  -28.620  -28.613  -28.555   -8.609   -7.365   -7.103   -7.041
   -6.974   -6.803   -6.518   -6.281    2.255    2.334    3.108    3.350    3.502    3.617
    4.292    4.371    4.592    4.936    5.045    5.299    5.861    6.089    6.432    6.481
    6.561    6.720    6.905    7.408    7.432    7.624    7.836    8.001    8.139    8.599
    8.701    8.786    8.862    9.032    9.433    9.518    9.772   10.480   13.240   13.614
   13.813   13.855   14.551   14.865   16.055   17.401   18.329   18.766   18.801   20.845
   20.856   21.355   21.575   22.461   22.543   22.856   24.069   24.143   24.249   24.518
           -0.000086  0.000000  0.046840
  -93.688  -68.870  -64.332  -64.322  -54.291  -54.273  -54.250  -37.926  -37.918  -37.902
  -28.778  -28.726  -28.688  -28.622  -28.612  -28.554   -8.603   -7.366   -7.118   -7.041
   -6.967   -6.797   -6.521   -6.283    2.255    2.334    3.114    3.361    3.494    3.618
    4.262    4.412    4.590    4.895    5.055    5.334    5.770    6.164    6.410    6.499
    6.580    6.723    6.893    7.405    7.431    7.615    7.806    8.058    8.134    8.584
    8.665    8.797    8.866    9.042    9.401    9.517    9.812   10.483   13.247   13.599
   13.814   13.854   14.549   14.852   16.082   17.399   18.281   18.770   18.853   20.836
   20.864   21.322   21.576   22.469   22.555   22.865   24.017   24.118   24.310   24.526
           -0.000128  0.000000  0.070260
  -93.688  -68.870  -64.331  -64.323  -54.291  -54.273  -54.250  -37.926  -37.918  -37.902
  -28.778  -28.726  -28.687  -28.623  -28.611  -28.554   -8.591   -7.367   -7.137   -7.048
   -6.953   -6.788   -6.527   -6.287    2.254    2.334    3.124    3.378    3.481    3.620
    4.237    4.455    4.588    4.843    5.068    5.373    5.690    6.210    6.379    6.543
    6.604    6.728    6.877    7.369    7.460    7.602    7.783    8.116    8.130    8.559
    8.627    8.793    8.879    9.055    9.363    9.514    9.865   10.488   13.260   13.577
   13.811   13.853   14.546   14.830   16.128   17.396   18.217   18.777   18.922   20.820
   20.877   21.276   21.577   22.476   22.577   22.884   23.958   24.082   24.374   24.542
           -0.000171  0.000000  0.093681
  -93.688  -68.870  -64.331  -64.323  -54.291  -54.273  -54.250  -37.926  -37.918  -37.902
  -28.778  -28.727  -28.687  -28.625  -28.610  -28.554   -8.575   -7.368   -7.158   -7.062
   -6.934   -6.778   -6.533   -6.292    2.253    2.334    3.137    3.400    3.464    3.621
    4.218    4.496    4.585    4.788    5.082    5.390    5.645    6.223    6.345    6.598
    6.640    6.736    6.858    7.323    7.494    7.590    7.769    8.109    8.187    8.522
    8.592    8.780    8.897    9.068    9.325    9.510    9.924   10.495   13.277   13.551
   13.805   13.852   14.540   14.800   16.189   17.392   18.149   18.785   18.997   20.792
   20.893   21.225   21.577   22.479   22.601   22.920   23.897   24.033   24.433   24.571
           -0.000214  0.000000  0.117101
  -93.688  -68.870  -64.331  -64.323  -54.291  -54.273  -54.250  -37.926  -37.918  -37.902
  -28.778  -28.728  -28.686  -28.627  -28.608  -28.553   -8.555   -7.370   -7.179   -7.080
   -6.914   -6.769   -6.540   -6.298    2.252    2.333    3.154    3.423    3.451    3.623
    4.204    4.529    4.586    4.737    5.098    5.363    5.654    6.211    6.310    6.618
    6.697    6.765    6.843    7.273    7.523    7.587    7.761    8.092    8.244    8.477
    8.561    8.761    8.914    9.079    9.293    9.506    9.984   10.503   13.298   13.523
   13.795   13.850   14.533   14.762   16.266   17.387   18.080   18.796   19.074   20.746
   20.910   21.179   21.580   22.479   22.620   22.978   23.834   23.974   24.482   24.615
           -0.000257  0.000000  0.140521
  -93.688  -68.870  -64.331  -64.323  -54.291  -54.273  -54.250  -37.926  -37.918  -37.902
  -28.778  -28.729  -28.685  -28.628  -28.607  -28.553   -8.530   -7.372   -7.201   -7.100
   -6.893   -6.761   -6.547   -6.305    2.251    2.333    3.174    3.414    3.472    3.623
    4.197    4.542    4.593    4.702    5.115    5.309    5.700    6.183    6.280    6.615
    6.724    6.799    6.872    7.226    7.529    7.609    7.758    8.072    8.290    8.431
    8.537    8.740    8.930    9.088    9.268    9.502   10.044   10.514   13.324   13.497
   13.783   13.846   14.522   14.718   16.355   17.382   18.013   18.809   19.148   20.680
   20.928   21.140   21.592   22.479   22.633   23.056   23.769   23.906   24.519   24.672
           -0.000299  0.000000  0.163941
  -93.688  -68.870  -64.331  -64.323  -54.291  -54.273  -54.250  -37.926  -37.918  -37.902
  -28.778  -28.730  -28.684  -28.630  -28.605  -28.552   -8.502   -7.376   -7.223   -7.122
   -6.872   -6.756   -6.551   -6.313    2.250    2.331    3.195    3.392    3.509    3.623
    4.195    4.538    4.577    4.707    5.127    5.254    5.756    6.142    6.257    6.598
    6.738    6.792    6.956    7.186    7.520    7.639    7.760    8.051    8.317    8.386
    8.524    8.718    8.942    9.094    9.252    9.497   10.102   10.525   13.353   13.472
   13.767   13.839   14.509   14.667   16.455   17.376   17.951   18.824   19.219   20.594
   20.943   21.110   21.618   22.479   22.638   23.151   23.704   23.832   24.546   24.732
           -0.000342  0.000000  0.187361
  -93.688  -68.870  -64.331  -64.323  -54.291  -54.273  -54.250  -37.926  -37.918  -37.902
  -28.778  -28.732  -28.683  -28.632  -28.604  -28.551   -8.469   -7.379   -7.247   -7.145
   -6.852   -6.753   -6.553   -6.321    2.249    2.329    3.216    3.373    3.548    3.624
    4.199    4.522    4.546    4.743    5.122    5.223    5.810    6.095    6.240    6.575
    6.745    6.785    7.026    7.168    7.509    7.662    7.771    8.033    8.318    8.348
    8.527    8.695    8.952    9.096    9.246    9.491   10.157   10.538   13.384   13.452
   13.751   13.831   14.492   14.612   16.565   17.370   17.895   18.839   19.284   20.491
   20.954   21.083   21.662   22.481   22.641   23.257   23.638   23.755   24.565   24.791
           -0.000385  0.000000  0.210781
  -93.688  -68.870  -64.330  -64.323  -54.291  -54.273  -54.250  -37.926  -37.918  -37.902
  -28.778  -28.733  -28.681  -28.634  -28.603  -28.551   -8.432   -7.384   -7.274   -7.166
   -6.834   -6.754   -6.552   -6.330    2.248    2.326    3.231    3.360    3.575    3.636
    4.208    4.491    4.526    4.787    5.090    5.226    5.851    6.043    6.229    6.554
    6.740    6.782    7.047    7.192    7.497    7.674    7.788    8.023    8.299    8.316
    8.544    8.671    8.958    9.095    9.247    9.485   10.210   10.550   13.412   13.442
   13.733   13.821   14.470   14.554   16.680   17.364   17.845   18.856   19.343   20.377
   20.959   21.060   21.727   22.485   22.642   23.358   23.581   23.680   24.571   24.845
           -0.000428  0.000000  0.234202
  -93.688  -68.870  -64.330  -64.324  -54.291  -54.273  -54.250  -37.926  -37.918  -37.902
  -28.778  -28.735  -28.680  -28.636  -28.601  -28.550   -8.391   -7.389   -7.305   -7.186
   -6.817   -6.755   -6.549   -6.338    2.247    2.323    3.236    3.361    3.578    3.670
    4.221    4.457    4.512    4.831    5.052    5.246    5.874    5.992    6.222    6.542
    6.730    6.777    7.037    7.233    7.488    7.679    7.808    8.026    8.268    8.290
    8.566    8.649    8.960    9.095    9.256    9.478   10.259   10.562   13.416   13.463
   13.715   13.809   14.440   14.498   16.799   17.359   17.803   18.872   19.394   20.256
   20.954   21.043   21.811   22.491   22.644   23.403   23.548   23.641   24.562   24.894
           -0.000470  0.000000  0.257622
  -93.688  -68.870  -64.330  -64.324  -54.291  -54.273  -54.250  -37.926  -37.918  -37.902
  -28.778  -28.736  -28.679  -28.638  -28.600  -28.549   -8.347   -7.396   -7.340   -7.202
   -6.803   -6.758   -6.544   -6.347    2.246    2.319    3.229    3.377    3.567    3.713
    4.237    4.429    4.501    4.870    5.022    5.272    5.867    5.949    6.218    6.542
    6.719    6.762    7.027    7.259    7.482    7.679    7.837    8.039    8.231    8.272
    8.586    8.628    8.960    9.095    9.269    9.469   10.305   10.573   13.411   13.498
   13.698   13.796   14.396   14.451   16.918   17.356   17.770   18.888   19.438   20.130
   20.938   21.034   21.910   22.502   22.647   23.360   23.490   23.722   24.532   24.938
           -0.000513  0.000000  0.281042
  -93.688  -68.870  -64.330  -64.324  -54.291  -54.273  -54.250  -37.926  -37.918  -37.902
  -28.778  -28.738  -28.677  -28.640  -28.599  -28.549   -8.300   -7.406   -7.376   -7.217
   -6.792   -6.758   -6.538   -6.355    2.246    2.314    3.216    3.402    3.550    3.757
    4.255    4.408    4.494    4.894    5.007    5.304    5.828    5.921    6.216    6.549
    6.705    6.744    7.022    7.267    7.476    7.673    7.879    8.056    8.192    8.264
    8.587    8.624    8.958    9.097    9.285    9.459   10.347   10.584   13.411   13.535
   13.682   13.783   14.337   14.415   17.031   17.358   17.750   18.901   19.473   20.005
   20.916   21.031   22.020   22.518   22.652   23.287   23.418   23.852   24.482   24.977
           -0.000556  0.000000  0.304462
  -93.688  -68.870  -64.329  -64.324  -54.291  -54.273  -54.250  -37.926  -37.918  -37.902
  -28.778  -28.739  -28.675  -28.642  -28.598  -28.548   -8.250   -7.437   -7.398   -7.228
   -6.785   -6.757   -6.531   -6.362    2.246    2.310    3.201    3.427    3.533    3.797
    4.274    4.392    4.493    4.897    5.014    5.340    5.771    5.901    6.215    6.547
    6.682    6.737    7.023    7.267    7.468    7.662    7.930    8.068    8.158    8.263
    8.568    8.637    8.957    9.100    9.301    9.448   10.385   10.592   13.416   13.569
   13.670   13.770   14.274   14.382   17.127   17.367   17.748   18.909   19.497   19.885
   20.895   21.028   22.135   22.541   22.662   23.208   23.347   23.988   24.416   25.013
           -0.000599  0.000000  0.327882
  -93.688  -68.870  -64.329  -64.325  -54.291  -54.273  -54.250  -37.926  -37.918  -37.902
  -28.778  -28.741  -28.674  -28.644  -28.597  -28.548   -8.196   -7.484   -7.406   -7.238
   -6.782   -6.753   -6.525   -6.368    2.246    2.305    3.187    3.444    3.524    3.832
    4.290    4.380    4.501    4.889    5.029    5.381    5.711    5.882    6.214    6.519
    6.661    6.748    7.027    7.268    7.458    7.648    7.977    8.065    8.142    8.269
    8.545    8.652    8.958    9.105    9.313    9.438   10.419   10.599   13.425   13.595
   13.666   13.759   14.211   14.348   17.193   17.386   17.773   18.907   19.508   19.777
   20.879   21.025   22.245   22.574   22.679   23.128   23.280   24.098   24.364   25.046
           -0.000641  0.000000  0.351302
  -93.688  -68.870  -64.329  -64.325  -54.291  -54.273  -54.250  -37.926  -37.918  -37.902
  -28.777  -28.742  -28.672  -28.646  -28.597  -28.547   -8.141   -7.537   -7.411   -7.246
   -6.780   -6.748   -6.519   -6.373    2.246    2.301    3.175    3.441    3.533    3.860
    4.302    4.375    4.517    4.880    5.042    5.423    5.658    5.867    6.211    6.462
    6.652    6.766    7.033    7.277    7.448    7.631    7.992    8.067    8.147    8.280
    8.524    8.664    8.963    9.111    9.318    9.432   10.448   10.605   13.439   13.606
   13.675   13.750   14.152   14.314   17.228   17.410   17.832   18.890   19.502   19.692
   20.870   21.019   22.338   22.613   22.716   23.052   23.220   24.096   24.410   25.077
           -0.000684  0.000000  0.374723
  -93.688  -68.870  -64.328  -64.325  -54.291  -54.273  -54.250  -37.926  -37.918  -37.902
  -28.777  -28.743  -28.671  -28.648  -28.596  -28.547   -8.083   -7.594   -7.416   -7.252
   -6.778   -6.745   -6.515   -6.376    2.246    2.297    3.166    3.426    3.554    3.882
    4.303    4.378    4.537    4.877    5.048    5.451    5.627    5.857    6.205    6.389
    6.649    6.783    7.039    7.296    7.439    7.611    7.964    8.093    8.161    8.294
    8.507    8.671    8.970    9.120    9.313    9.430   10.473   10.609   13.456   13.607
   13.686   13.748   14.101   14.281   17.242   17.427   17.925   18.850   19.479   19.639
   20.870   21.009   22.408   22.642   22.790   22.987   23.167   23.997   24.542   25.104
           -0.000727  0.000000  0.398143
  -93.688  -68.870  -64.328  -64.326  -54.291  -54.273  -54.250  -37.926  -37.918  -37.902
  -28.777  -28.744  -28.670  -28.650  -28.595  -28.546   -8.023   -7.653   -7.420   -7.256
   -6.776   -6.743   -6.511   -6.379    2.246    2.294    3.160    3.408    3.576    3.899
    4.297    4.389    4.558    4.880    5.048    5.445    5.639    5.855    6.191    6.316
    6.650    6.795    7.046    7.321    7.435    7.589    7.929    8.116    8.178    8.305
    8.497    8.674    8.980    9.130    9.299    9.433   10.492   10.612   13.474   13.608
   13.687   13.754   14.060   14.249   17.247   17.435   18.039   18.783   19.452   19.610
   20.878   20.995   22.458   22.655   22.862   22.966   23.130   23.867   24.693   25.127
           -0.000770  0.000000  0.421563
  -93.688  -68.870  -64.328  -64.326  -54.291  -54.273  -54.250  -37.926  -37.918  -37.902
  -28.777  -28.744  -28.668  -28.651  -28.595  -28.546   -7.962   -7.714   -7.422   -7.259
   -6.774   -6.742   -6.509   -6.381    2.246    2.291    3.156    3.393    3.594    3.910
    4.289    4.401    4.574    4.890    5.042    5.417    5.676    5.867    6.154    6.265
    6.652    6.802    7.051    7.346    7.441    7.562    7.898    8.132    8.193    8.308
    8.496    8.674    8.988    9.144    9.280    9.438   10.507   10.614   13.489   13.614
   13.678   13.762   14.034   14.222   17.249   17.438   18.164   18.691   19.433   19.593
   20.893   20.978   22.496   22.656   22.853   23.019   23.145   23.724   24.841   25.141
           -0.000812  0.000000  0.444983
  -93.688  -68.870  -64.328  -64.326  -54.291  -54.273  -54.250  -37.926  -37.918  -37.902
  -28.777  -28.745  -28.668  -28.652  -28.595  -28.546   -7.900   -7.776   -7.424   -7.261
   -6.773   -6.742   -6.507   -6.382    2.247    2.290    3.154    3.383    3.606    3.916
    4.283    4.410    4.585    4.900    5.036    5.393    5.707    5.895    6.096    6.245
    6.654    6.805    7.055    7.360    7.463    7.531    7.878    8.141    8.205    8.306
    8.500    8.672    8.994    9.157    9.263    9.442   10.515   10.615   13.498   13.627
   13.664   13.765   14.021   14.203   17.249   17.439   18.289   18.585   19.425   19.583
   20.911   20.959   22.524   22.648   22.834   23.024   23.255   23.579   24.972   25.135
           -0.000855  0.000000  0.468403
  -93.688  -68.870  -64.328  -64.326  -54.291  -54.273  -54.250  -37.926  -37.918  -37.902
  -28.777  -28.745  -28.667  -28.652  -28.595  -28.546   -7.840   -7.836   -7.424   -7.262
   -6.772   -6.742   -6.507   -6.382    2.247    2.289    3.153    3.380    3.610    3.918
    4.281    4.413    4.588    4.905    5.033    5.384    5.717    5.917    6.062    6.241
    6.655    6.806    7.056    7.364    7.489    7.503    7.870    8.144    8.210    8.305
    8.503    8.671    8.997    9.163    9.255    9.443   10.518   10.615   13.502   13.640
   13.651   13.766   14.017   14.196   17.249   17.439   18.368   18.512   19.423   19.579
   20.925   20.944   22.536   22.642   22.828   23.020   23.353   23.475   25.045   25.112
            0.024145  0.020495  0.468601
  -93.688  -68.870  -64.328  -64.326  -54.291  -54.273  -54.250  -37.926  -37.918  -37.902
  -28.777  -28.745  -28.667  -28.652  -28.595  -28.546   -7.839   -7.834   -7.423   -7.262
   -6.775   -6.743   -6.508   -6.383    2.249    2.290    3.156    3.384    3.611    3.915
    4.277    4.411    4.589    4.896    5.051    5.381    5.723    5.910    6.053    6.246
    6.653    6.797    7.058    7.363    7.481    7.512    7.856    8.130    8.194    8.348
    8.509    8.676    8.997    9.149    9.265    9.442   10.514   10.617   13.497   13.620
   13.669   13.780   14.017   14.195   17.246   17.441   18.372   18.517   19.412   19.588
   20.869   20.982   22.512   22.628   22.838   23.040   23.328   23.522   25.030   25.125
            0.049144  0.040990  0.468798
  -93.688  -68.870  -64.328  -64.326  -54.291  -54.273  -54.250  -37.926  -37.918  -37.902
  -28.777  -28.745  -28.667  -28.652  -28.595  -28.546   -7.836   -7.827   -7.420   -7.260
   -6.783   -6.747   -6.510   -6.386    2.255    2.295    3.167    3.395    3.615    3.908
    4.269    4.403    4.591    4.879    5.095    5.371    5.738    5.894    6.020    6.264
    6.644    6.774    7.063    7.359    7.474    7.525    7.823    8.084    8.206    8.392
    8.549    8.686    8.997    9.121    9.282    9.442   10.503   10.621   13.481   13.599
   13.693   13.812   14.018   14.194   17.238   17.444   18.376   18.537   19.388   19.608
   20.789   21.010   22.441   22.591   22.873   23.075   23.318   23.604   24.998   25.148
            0.074144  0.061486  0.468996
  -93.688  -68.870  -64.328  -64.326  -54.291  -54.273  -54.250  -37.926  -37.918  -37.902
  -28.777  -28.745  -28.667  -28.652  -28.595  -28.546   -7.831   -7.817   -7.416   -7.257
   -6.797   -6.752   -6.515   -6.391    2.262    2.304    3.183    3.413    3.621    3.895
    4.258    4.392    4.595    4.862    5.150    5.355    5.753    5.881    5.967    6.296
    6.625    6.739    7.070    7.347    7.475    7.534    7.788    8.039    8.231    8.398
    8.616    8.704    8.999    9.098    9.290    9.448   10.486   10.625   13.453   13.588
   13.724   13.853   14.019   14.192   17.229   17.448   18.365   18.585   19.361   19.631
   20.698   21.023   22.340   22.537   22.929   23.094   23.364   23.684   24.956   25.148
            0.099144  0.081981  0.469194
  -93.688  -68.870  -64.328  -64.326  -54.291  -54.273  -54.250  -37.926  -37.918  -37.902
  -28.777  -28.745  -28.667  -28.652  -28.595  -28.546   -7.823   -7.804   -7.411   -7.253
   -6.817   -6.758   -6.520   -6.398    2.269    2.318    3.204    3.437    3.629    3.877
    4.248    4.376    4.602    4.846    5.207    5.338    5.747    5.874    5.930    6.332
    6.589    6.706    7.076    7.327    7.486    7.531    7.765    8.003    8.252    8.394
    8.633    8.764    8.995    9.100    9.284    9.465   10.464   10.626   13.420   13.584
   13.759   13.894   14.021   14.191   17.220   17.453   18.331   18.663   19.341   19.651
   20.600   21.022   22.224   22.470   22.984   23.117   23.453   23.745   24.903   25.098
            0.124143  0.102476  0.469391
  -93.688  -68.870  -64.328  -64.326  -54.291  -54.273  -54.250  -37.926  -37.918  -37.902
  -28.777  -28.745  -28.668  -28.652  -28.594  -28.546   -7.814   -7.788   -7.407   -7.245
   -6.843   -6.765   -6.526   -6.405    2.274    2.336    3.228    3.465    3.638    3.854
    4.242    4.360    4.612    4.830    5.252    5.325    5.701    5.860    5.959    6.360
    6.535    6.686    7.081    7.305    7.494    7.518    7.762    7.977    8.260    8.395
    8.606    8.836    8.981    9.136    9.267    9.491   10.437   10.623   13.387   13.586
   13.795   13.935   14.028   14.191   17.211   17.463   18.279   18.762   19.331   19.668
   20.503   21.010   22.103   22.392   23.009   23.178   23.562   23.775   24.829   25.039
            0.149143  0.122971  0.469589
  -93.688  -68.870  -64.328  -64.326  -54.291  -54.273  -54.250  -37.926  -37.918  -37.902
  -28.777  -28.746  -28.668  -28.652  -28.594  -28.546   -7.804   -7.770   -7.404   -7.234
   -6.872   -6.773   -6.533   -6.413    2.278    2.357    3.255    3.497    3.648    3.830
    4.236    4.345    4.626    4.811    5.263    5.332    5.641    5.861    6.020    6.356
    6.486    6.684    7.080    7.290    7.460    7.531    7.776    7.958    8.254    8.405
    8.564    8.884    8.966    9.190    9.252    9.517   10.407   10.616   13.357   13.589
   13.827   13.972   14.042   14.195   17.196   17.482   18.216   18.876   19.332   19.680
   20.412   20.990   21.985   22.308   23.010   23.265   23.680   23.768   24.728   25.019
            0.174143  0.143466  0.469786
  -93.688  -68.870  -64.328  -64.326  -54.291  -54.273  -54.250  -37.926  -37.918  -37.902
  -28.778  -28.746  -28.668  -28.652  -28.594  -28.545   -7.793   -7.750   -7.403   -7.221
   -6.902   -6.781   -6.540   -6.421    2.281    2.376    3.282    3.528    3.655    3.809
    4.226    4.335    4.640    4.792    5.251    5.335    5.602    5.877    6.089    6.309
    6.461    6.700    7.069    7.290    7.410    7.552    7.798    7.942    8.239    8.417
    8.520    8.895    8.965    9.202    9.285    9.540   10.374   10.605   13.335   13.592
   13.855   13.995   14.072   14.202   17.174   17.511   18.149   18.999   19.345   19.688
   20.333   20.964   21.875   22.220   22.998   23.358   23.720   23.804   24.623   25.040
            0.199142  0.163961  0.469984
  -93.688  -68.870  -64.328  -64.326  -54.291  -54.273  -54.250  -37.926  -37.918  -37.902
  -28.778  -28.746  -28.668  -28.652  -28.594  -28.545   -7.782   -7.729   -7.405   -7.206
   -6.932   -6.790   -6.547   -6.429    2.285    2.393    3.307    3.556    3.660    3.797
    4.211    4.330    4.648    4.780    5.237    5.312    5.596    5.906    6.132    6.272
    6.445    6.732    7.047    7.305    7.359    7.572    7.816    7.931    8.222    8.417
    8.492    8.877    8.976    9.184    9.342    9.552   10.342   10.590   13.321   13.592
   13.879   14.004   14.115   14.212   17.143   17.543   18.093   19.123   19.370   19.692
   20.271   20.934   21.773   22.131   22.977   23.437   23.660   23.913   24.537   25.087
            0.224142  0.184457  0.470181
  -93.688  -68.870  -64.328  -64.326  -54.291  -54.273  -54.250  -37.926  -37.918  -37.902
  -28.778  -28.746  -28.668  -28.653  -28.594  -28.545   -7.772   -7.707   -7.408   -7.195
   -6.956   -6.799   -6.554   -6.435    2.287    2.405    3.329    3.577    3.661    3.795
    4.192    4.326    4.632    4.793    5.224    5.285    5.601    5.944    6.111    6.302
    6.432    6.777    7.017    7.307    7.337    7.589    7.818    7.934    8.206    8.399
    8.486    8.848    8.979    9.169    9.388    9.553   10.310   10.572   13.316   13.591
   13.903   14.005   14.161   14.224   17.104   17.562   18.068   19.234   19.412   19.693
   20.229   20.901   21.683   22.043   22.945   23.447   23.643   24.001   24.486   25.141
            0.249142  0.204952  0.470379
  -93.688  -68.870  -64.328  -64.326  -54.291  -54.273  -54.250  -37.926  -37.918  -37.902
  -28.778  -28.746  -28.668  -28.653  -28.594  -28.545   -7.763   -7.687   -7.411   -7.192
   -6.970   -6.807   -6.561   -6.440    2.290    2.411    3.345    3.586    3.666    3.803
    4.173    4.317    4.599    4.825    5.208    5.275    5.593    5.983    6.086    6.337
    6.440    6.827    6.985    7.269    7.367    7.602    7.803    7.954    8.192    8.377
    8.489    8.814    8.972    9.160    9.408    9.547   10.280   10.549   13.320   13.588
   13.928   14.003   14.205   14.237   17.062   17.551   18.089   19.310   19.486   19.697
   20.208   20.869   21.603   21.957   22.898   23.369   23.698   24.055   24.483   25.180
            0.274141  0.225447  0.470577
  -93.688  -68.870  -64.328  -64.326  -54.291  -54.273  -54.250  -37.926  -37.918  -37.902
  -28.778  -28.747  -28.668  -28.653  -28.594  -28.545   -7.755   -7.669   -7.414   -7.199
   -6.970   -6.814   -6.568   -6.445    2.292    2.412    3.357    3.585    3.675    3.816
    4.158    4.300    4.565    4.858    5.196    5.285    5.563    6.013    6.103    6.338
    6.481    6.874    6.960    7.239    7.396    7.609    7.786    7.983    8.182    8.362
    8.490    8.778    8.955    9.155    9.393    9.548   10.250   10.521   13.332   13.586
   13.953   14.000   14.235   14.258   17.018   17.510   18.155   19.350   19.575   19.718
   20.208   20.839   21.535   21.873   22.834   23.273   23.764   24.079   24.523   25.189
            0.299141  0.245942  0.470774
  -93.688  -68.870  -64.328  -64.327  -54.291  -54.273  -54.250  -37.926  -37.918  -37.902
  -28.779  -28.747  -28.668  -28.653  -28.594  -28.545   -7.748   -7.653   -7.416   -7.217
   -6.958   -6.820   -6.573   -6.448    2.293    2.406    3.362    3.579    3.682    3.833
    4.148    4.272    4.539    4.879    5.197    5.303    5.525    6.038    6.148    6.334
    6.530    6.889    6.965    7.216    7.415    7.612    7.781    8.016    8.178    8.353
    8.487    8.742    8.933    9.144    9.351    9.559   10.219   10.483   13.350   13.585
   13.971   14.003   14.248   14.290   16.977   17.453   18.250   19.368   19.634   19.785
   20.224   20.817   21.477   21.793   22.749   23.184   23.816   24.100   24.581   25.180
            0.324141  0.266437  0.470972
  -93.688  -68.870  -64.328  -64.327  -54.291  -54.273  -54.250  -37.926  -37.918  -37.902
  -28.779  -28.747  -28.668  -28.653  -28.593  -28.545   -7.743   -7.642   -7.417   -7.239
   -6.940   -6.824   -6.578   -6.450    2.293    2.396    3.364    3.570    3.687    3.851
    4.143    4.238    4.526    4.882    5.208    5.304    5.514    6.063    6.194    6.348
    6.574    6.873    6.992    7.202    7.414    7.618    7.792    8.050    8.183    8.346
    8.483    8.707    8.908    9.116    9.307    9.573   10.187   10.433   13.370   13.586
   13.977   14.020   14.254   14.318   16.940   17.390   18.360   19.372   19.666   19.887
   20.252   20.804   21.429   21.717   22.649   23.103   23.851   24.135   24.630   25.174
            0.349140  0.286932  0.471169
  -93.688  -68.870  -64.328  -64.327  -54.291  -54.273  -54.250  -37.926  -37.918  -37.902
  -28.779  -28.747  -28.668  -28.653  -28.593  -28.545   -7.740   -7.634   -7.417   -7.261
   -6.921   -6.825   -6.582   -6.451    2.291    2.383    3.362    3.559    3.690    3.869
    4.134    4.211    4.523    4.867    5.221    5.278    5.550    6.078    6.237    6.387
    6.617    6.854    7.007    7.193    7.393    7.632    7.816    8.077    8.200    8.336
    8.485    8.677    8.879    9.065    9.279    9.587   10.153   10.372   13.390   13.591
   13.978   14.042   14.257   14.340   16.912   17.326   18.475   19.362   19.699   19.988
   20.286   20.805   21.391   21.647   22.545   23.023   23.878   24.182   24.656   25.186
            0.374140  0.307428  0.471367
  -93.688  -68.870  -64.328  -64.327  -54.291  -54.273  -54.250  -37.926  -37.918  -37.902
  -28.779  -28.747  -28.668  -28.653  -28.593  -28.544   -7.737   -7.629   -7.417   -7.279
   -6.903   -6.825   -6.584   -6.451    2.287    2.370    3.359    3.545    3.693    3.887
    4.112    4.204    4.525    4.838    5.208    5.272    5.609    6.082    6.280    6.439
    6.660    6.839    7.005    7.190    7.358    7.648    7.850    8.093    8.218    8.331
    8.498    8.656    8.844    9.008    9.263    9.601   10.117   10.301   13.408   13.596
   13.983   14.063   14.258   14.355   16.894   17.265   18.589   19.339   19.739   20.075
   20.321   20.821   21.362   21.586   22.447   22.936   23.911   24.229   24.661   25.198
            0.399140  0.327923  0.471564
  -93.688  -68.870  -64.328  -64.327  -54.291  -54.273  -54.250  -37.926  -37.918  -37.902
  -28.779  -28.747  -28.668  -28.653  -28.593  -28.544   -7.736   -7.626   -7.419   -7.293
   -6.889   -6.821   -6.585   -6.451    2.280    2.358    3.354    3.531    3.698    3.903
    4.082    4.213    4.529    4.799    5.176    5.293    5.669    6.083    6.324    6.487
    6.707    6.830    6.990    7.194    7.318    7.658    7.890    8.097    8.207    8.349
    8.516    8.648    8.808    8.960    9.251    9.614   10.082   10.223   13.423   13.602
   13.993   14.079   14.257   14.364   16.886   17.208   18.698   19.305   19.788   20.140
   20.354   20.850   21.340   21.539   22.367   22.839   23.957   24.264   24.657   25.123
            0.424140  0.348418  0.471762
  -93.688  -68.870  -64.328  -64.327  -54.291  -54.273  -54.250  -37.926  -37.918  -37.902
  -28.779  -28.747  -28.668  -28.653  -28.593  -28.544   -7.736   -7.625   -7.422   -7.301
   -6.880   -6.816   -6.586   -6.451    2.271    2.351    3.350    3.518    3.703    3.917
    4.053    4.228    4.534    4.755    5.152    5.316    5.718    6.090    6.362    6.520
    6.752    6.837    6.969    7.201    7.280    7.660    7.930    8.090    8.171    8.376
    8.527    8.656    8.793    8.927    9.236    9.626   10.049   10.146   13.435   13.605
   14.008   14.089   14.256   14.369   16.889   17.156   18.800   19.261   19.839   20.178
   20.385   20.884   21.325   21.506   22.316   22.731   24.018   24.281   24.656   25.020
            0.449139  0.368913  0.471960
  -93.688  -68.870  -64.328  -64.327  -54.291  -54.273  -54.250  -37.926  -37.918  -37.902
  -28.779  -28.747  -28.668  -28.653  -28.593  -28.544   -7.737   -7.624   -7.427   -7.305
   -6.874   -6.811   -6.586   -6.450    2.263    2.346    3.345    3.509    3.708    3.930
    4.030    4.243    4.538    4.715    5.137    5.335    5.749    6.104    6.392    6.534
    6.782    6.866    6.949    7.196    7.262    7.657    7.966    8.075    8.131    8.393
    8.528    8.660    8.822    8.905    9.217    9.636   10.020   10.080   13.444   13.606
   14.026   14.093   14.255   14.370   16.900   17.111   18.894   19.208   19.889   20.192
   20.412   20.912   21.313   21.488   22.304   22.617   24.089   24.279   24.649   24.936
            0.474139  0.389408  0.472157
  -93.688  -68.870  -64.328  -64.327  -54.291  -54.273  -54.250  -37.926  -37.918  -37.902
  -28.779  -28.747  -28.668  -28.653  -28.593  -28.544   -7.737   -7.624   -7.430   -7.307
   -6.871   -6.808   -6.585   -6.449    2.257    2.343    3.342    3.503    3.712    3.939
    4.013    4.255    4.542    4.686    5.130    5.349    5.765    6.118    6.412    6.533
    6.800    6.894    6.939    7.177    7.266    7.652    7.990    8.063    8.098    8.399
    8.527    8.657    8.867    8.895    9.195    9.643    9.996   10.038   13.449   13.605
   14.042   14.090   14.254   14.370   16.913   17.077   18.976   19.150   19.926   20.192
   20.432   20.930   21.307   21.479   22.336   22.505   24.161   24.261   24.630   24.890
            0.499139  0.409903  0.472355
  -93.688  -68.870  -64.328  -64.327  -54.291  -54.273  -54.250  -37.926  -37.918  -37.902
  -28.779  -28.747  -28.668  -28.653  -28.593  -28.544   -7.737   -7.624   -7.431   -7.307
   -6.870   -6.807   -6.585   -6.449    2.255    2.343    3.341    3.501    3.713    3.943
    4.007    4.259    4.543    4.675    5.127    5.353    5.770    6.125    6.419    6.531
    6.807    6.900    6.941    7.166    7.270    7.650    7.997    8.068    8.078    8.400
    8.527    8.655    8.879    8.902    9.185    9.646    9.986   10.025   13.451   13.605
   14.051   14.087   14.254   14.369   16.920   17.064   19.025   19.109   19.940   20.190
   20.439   20.936   21.305   21.476   22.402   22.412   24.210   24.235   24.617   24.878
