 &plot nbnd=  80, nks=   101 /
            0.000000  0.000000  0.000000
 -113.384  -69.509  -67.725  -67.719  -67.706  -64.841  -64.778  -38.555  -38.547  -38.533
  -29.229  -29.188  -29.155  -29.086  -29.074  -29.033   -8.940   -7.682   -7.463   -7.423
   -7.272   -7.234   -6.929   -6.752    2.991    3.326    3.550    3.720    4.015    4.203
    4.435    4.490    4.668    5.166    5.204    5.322    5.501    5.729    6.054    6.151
    6.166    6.287    6.424    6.913    6.956    7.359    7.446    7.457    7.629    8.114
    8.231    8.277    8.425    8.504    8.957    8.999    9.176    9.688   12.758   13.160
   13.246   13.304   13.995   14.317   14.987   16.664   17.599   17.866   18.015   19.169
   20.006   20.331   20.594   21.272   21.514   21.918   22.932   23.011   23.197   23.386
            0.000000  0.020594  0.000000
 -113.384  -69.509  -67.725  -67.719  -67.706  -64.841  -64.778  -38.555  -38.547  -38.533
  -29.229  -29.188  -29.155  -29.086  -29.074  -29.033   -8.939   -7.683   -7.467   -7.424
   -7.272   -7.232   -6.929   -6.752    2.993    3.328    3.551    3.721    4.014    4.204
    4.436    4.490    4.669    5.160    5.203    5.319    5.504    5.729    6.049    6.146
    6.153    6.299    6.431    6.910    6.960    7.350    7.457    7.457    7.626    8.113
    8.229    8.274    8.427    8.505    8.955    8.999    9.179    9.688   12.758   13.162
   13.213   13.337   13.994   14.316   14.993   16.665   17.588   17.863   18.022   19.167
   20.004   20.341   20.588   21.271   21.521   21.918   22.928   23.007   23.187   23.397
            0.000000  0.041188  0.000000
 -113.384  -69.509  -67.725  -67.719  -67.706  -64.841  -64.778  -38.555  -38.547  -38.533
  -29.229  -29.188  -29.155  -29.086  -29.074  -29.033   -8.935   -7.684   -7.475   -7.424
   -7.273   -7.227   -6.929   -6.750    3.000    3.333    3.555    3.723    4.011    4.208
    4.440    4.489    4.673    5.143    5.203    5.311    5.513    5.729    6.035    6.101
    6.157    6.318    6.452    6.903    6.972    7.330    7.458    7.481    7.617    8.110
    8.223    8.267    8.433    8.507    8.951    9.000    9.188    9.691   12.758   13.162
   13.166   13.386   13.992   14.312   15.013   16.669   17.557   17.856   18.040   19.163
   19.999   20.370   20.570   21.267   21.539   21.920   22.918   22.995   23.165   23.427
            0.000000  0.061783  0.000000
 -113.384  -69.509  -67.725  -67.719  -67.706  -64.841  -64.778  -38.555  -38.547  -38.533
  -29.229  -29.188  -29.155  -29.086  -29.074  -29.033   -8.929   -7.686   -7.488   -7.425
   -7.274   -7.219   -6.929   -6.748    3.011    3.342    3.560    3.726    4.006    4.214
    4.447    4.489    4.680    5.115    5.202    5.299    5.526    5.727    6.014    6.049
    6.162    6.334    6.484    6.892    6.992    7.308    7.460    7.502    7.611    8.107
    8.213    8.257    8.444    8.511    8.943    9.001    9.201    9.696   12.758   13.109
   13.172   13.436   13.988   14.307   15.046   16.675   17.512   17.844   18.065   19.157
   19.996   20.414   20.542   21.262   21.568   21.922   22.899   22.977   23.139   23.468
            0.000000  0.082377  0.000000
 -113.384  -69.509  -67.725  -67.719  -67.706  -64.841  -64.778  -38.555  -38.547  -38.533
  -29.229  -29.188  -29.155  -29.086  -29.074  -29.033   -8.921   -7.690   -7.504   -7.426
   -7.276   -7.210   -6.930   -6.744    3.025    3.355    3.568    3.731    4.000    4.222
    4.456    4.487    4.689    5.078    5.201    5.285    5.540    5.723    5.988    5.998
    6.167    6.345    6.519    6.878    7.018    7.285    7.461    7.506    7.617    8.101
    8.198    8.245    8.460    8.514    8.932    9.003    9.220    9.702   12.758   13.059
   13.181   13.482   13.984   14.299   15.091   16.682   17.457   17.827   18.091   19.148
   19.997   20.469   20.506   21.256   21.605   21.927   22.872   22.951   23.112   23.513
            0.000000  0.102971  0.000000
 -113.384  -69.509  -67.725  -67.719  -67.706  -64.841  -64.778  -38.555  -38.547  -38.533
  -29.229  -29.188  -29.155  -29.086  -29.074  -29.033   -8.911   -7.697   -7.520   -7.428
   -7.278   -7.201   -6.930   -6.740    3.044    3.371    3.577    3.737    3.992    4.231
    4.467    4.486    4.699    5.035    5.198    5.269    5.555    5.712    5.956    5.958
    6.170    6.354    6.555    6.862    7.049    7.261    7.463    7.489    7.640    8.095
    8.180    8.233    8.479    8.517    8.918    9.005    9.242    9.710   12.755   13.013
   13.193   13.525   13.980   14.289   15.147   16.692   17.395   17.804   18.116   19.137
   20.005   20.463   20.534   21.248   21.648   21.934   22.836   22.921   23.088   23.562
            0.000000  0.123565  0.000000
 -113.384  -69.509  -67.725  -67.719  -67.706  -64.841  -64.778  -38.555  -38.547  -38.533
  -29.229  -29.188  -29.155  -29.086  -29.074  -29.033   -8.898   -7.708   -7.535   -7.430
   -7.280   -7.192   -6.930   -6.735    3.067    3.390    3.589    3.744    3.983    4.242
    4.481    4.484    4.710    4.987    5.192    5.253    5.570    5.690    5.925    5.927
    6.172    6.361    6.590    6.845    7.083    7.234    7.462    7.465    7.666    8.087
    8.165    8.223    8.502    8.519    8.902    9.006    9.268    9.720   12.749   12.973
   13.207   13.562   13.977   14.276   15.213   16.703   17.330   17.775   18.138   19.125
   20.022   20.415   20.605   21.238   21.694   21.943   22.788   22.887   23.068   23.612
            0.000000  0.144160  0.000000
 -113.384  -69.509  -67.725  -67.719  -67.706  -64.841  -64.778  -38.555  -38.547  -38.533
  -29.229  -29.188  -29.155  -29.086  -29.074  -29.033   -8.883   -7.723   -7.547   -7.432
   -7.282   -7.184   -6.930   -6.730    3.094    3.412    3.603    3.751    3.973    4.252
    4.483    4.497    4.719    4.938    5.184    5.236    5.585    5.658    5.890    5.915
    6.172    6.367    6.624    6.828    7.118    7.203    7.434    7.466    7.686    8.077
    8.155    8.216    8.519    8.524    8.885    9.006    9.296    9.731   12.736   12.944
   13.224   13.591   13.977   14.262   15.289   16.716   17.263   17.741   18.155   19.112
   20.048   20.364   20.681   21.227   21.742   21.956   22.730   22.850   23.052   23.663
            0.000000  0.164754  0.000000
 -113.384  -69.509  -67.725  -67.719  -67.706  -64.841  -64.778  -38.555  -38.547  -38.533
  -29.229  -29.188  -29.155  -29.086  -29.075  -29.033   -8.867   -7.744   -7.554   -7.434
   -7.285   -7.177   -6.931   -6.724    3.124    3.438    3.618    3.760    3.962    4.262
    4.481    4.513    4.723    4.891    5.172    5.222    5.599    5.620    5.854    5.917
    6.170    6.372    6.656    6.811    7.153    7.166    7.406    7.466    7.695    8.067
    8.155    8.213    8.518    8.547    8.866    9.004    9.327    9.744   12.714   12.929
   13.242   13.611   13.982   14.246   15.373   16.729   17.196   17.701   18.167   19.098
   20.084   20.311   20.761   21.215   21.789   21.974   22.660   22.811   23.042   23.713
            0.000000  0.185348  0.000000
 -113.384  -69.509  -67.725  -67.719  -67.706  -64.841  -64.778  -38.555  -38.547  -38.533
  -29.229  -29.187  -29.155  -29.087  -29.075  -29.033   -8.849   -7.769   -7.559   -7.437
   -7.288   -7.171   -6.931   -6.718    3.158    3.466    3.634    3.768    3.952    4.271
    4.479    4.526    4.717    4.852    5.155    5.212    5.580    5.613    5.819    5.928
    6.166    6.375    6.688    6.793    7.123    7.184    7.382    7.466    7.691    8.055
    8.168    8.215    8.515    8.568    8.847    9.000    9.358    9.757   12.684   12.927
   13.263   13.620   13.992   14.229   15.464   16.743   17.130   17.655   18.175   19.084
   20.130   20.258   20.844   21.201   21.835   21.996   22.581   22.770   23.037   23.759
            0.000000  0.205942  0.000000
 -113.384  -69.509  -67.725  -67.719  -67.706  -64.841  -64.778  -38.555  -38.547  -38.533
  -29.229  -29.187  -29.155  -29.087  -29.075  -29.033   -8.829   -7.798   -7.560   -7.439
   -7.290   -7.166   -6.931   -6.712    3.195    3.496    3.652    3.777    3.941    4.279
    4.478    4.532    4.699    4.828    5.133    5.207    5.542    5.624    5.786    5.947
    6.159    6.376    6.718    6.776    7.073    7.212    7.362    7.468    7.675    8.042
    8.191    8.222    8.511    8.586    8.829    8.993    9.390    9.771   12.649   12.934
   13.285   13.620   14.007   14.210   15.561   16.758   17.066   17.603   18.179   19.071
   20.186   20.206   20.929   21.187   21.875   22.024   22.494   22.725   23.038   23.798
            0.000000  0.226536  0.000000
 -113.384  -69.509  -67.725  -67.719  -67.706  -64.841  -64.778  -38.555  -38.547  -38.533
  -29.229  -29.187  -29.155  -29.087  -29.075  -29.034   -8.808   -7.829   -7.558   -7.442
   -7.292   -7.162   -6.932   -6.706    3.235    3.529    3.670    3.786    3.930    4.286
    4.477    4.523    4.678    4.818    5.105    5.209    5.510    5.630    5.762    5.970
    6.152    6.375    6.747    6.759    7.019    7.233    7.347    7.471    7.652    8.027
    8.222    8.234    8.506    8.602    8.811    8.985    9.422    9.785   12.612   12.949
   13.308   13.610   14.026   14.189   15.663   16.772   17.005   17.544   18.179   19.059
   20.155   20.250   21.015   21.172   21.910   22.057   22.400   22.678   23.045   23.827
            0.000000  0.247131  0.000000
 -113.384  -69.509  -67.725  -67.719  -67.706  -64.841  -64.778  -38.555  -38.547  -38.533
  -29.228  -29.187  -29.155  -29.087  -29.075  -29.034   -8.787   -7.861   -7.556   -7.445
   -7.295   -7.159   -6.932   -6.700    3.277    3.563    3.689    3.795    3.919    4.289
    4.477    4.494    4.659    4.820    5.073    5.217    5.484    5.624    5.753    5.997
    6.143    6.372    6.739    6.775    6.961    7.249    7.335    7.476    7.624    8.010
    8.251    8.258    8.501    8.615    8.795    8.974    9.453    9.799   12.575   12.970
   13.332   13.594   14.047   14.168   15.768   16.785   16.948   17.481   18.176   19.048
   20.106   20.321   21.101   21.157   21.940   22.094   22.301   22.628   23.058   23.841
            0.000000  0.267725  0.000000
 -113.384  -69.509  -67.725  -67.719  -67.706  -64.841  -64.778  -38.555  -38.547  -38.533
  -29.228  -29.187  -29.155  -29.087  -29.076  -29.034   -8.765   -7.892   -7.552   -7.447
   -7.297   -7.157   -6.932   -6.695    3.321    3.599    3.708    3.803    3.908    4.287
    4.454    4.478    4.640    4.834    5.037    5.228    5.464    5.604    5.763    6.027
    6.133    6.367    6.716    6.800    6.905    7.259    7.325    7.485    7.596    7.992
    8.269    8.295    8.497    8.626    8.780    8.962    9.482    9.812   12.541   12.993
   13.357   13.572   14.069   14.146   15.875   16.798   16.895   17.412   18.172   19.038
   20.061   20.399   21.143   21.185   21.965   22.134   22.200   22.575   23.077   23.837
            0.000000  0.288319  0.000000
 -113.384  -69.509  -67.725  -67.719  -67.706  -64.841  -64.778  -38.555  -38.547  -38.533
  -29.228  -29.186  -29.155  -29.087  -29.076  -29.034   -8.744   -7.923   -7.548   -7.449
   -7.299   -7.156   -6.932   -6.690    3.367    3.634    3.727    3.811    3.898    4.277
    4.414    4.479    4.616    4.860    5.000    5.240    5.448    5.575    5.789    6.058
    6.123    6.358    6.685    6.822    6.855    7.264    7.319    7.497    7.569    7.973
    8.287    8.331    8.496    8.634    8.766    8.949    9.509    9.824   12.509   13.019
   13.382   13.547   14.090   14.125   15.984   16.808   16.848   17.339   18.167   19.029
   20.020   20.481   21.129   21.266   21.986   22.098   22.172   22.521   23.102   23.814
            0.000000  0.308913  0.000000
 -113.384  -69.509  -67.725  -67.719  -67.706  -64.841  -64.778  -38.555  -38.547  -38.533
  -29.228  -29.186  -29.155  -29.087  -29.076  -29.034   -8.724   -7.952   -7.544   -7.452
   -7.300   -7.155   -6.932   -6.686    3.412    3.669    3.745    3.818    3.889    4.253
    4.384    4.482    4.587    4.895    4.964    5.247    5.437    5.545    5.824    6.090
    6.112    6.348    6.642    6.817    6.841    7.266    7.314    7.510    7.544    7.954
    8.302    8.364    8.498    8.639    8.754    8.935    9.533    9.834   12.481   13.047
   13.405   13.520   14.104   14.109   16.093   16.807   16.814   17.263   18.161   19.022
   19.984   20.567   21.117   21.340   22.000   22.003   22.208   22.467   23.134   23.775
            0.000000  0.329507  0.000000
 -113.384  -69.509  -67.725  -67.719  -67.706  -64.841  -64.778  -38.555  -38.547  -38.533
  -29.228  -29.186  -29.155  -29.087  -29.076  -29.034   -8.705   -7.978   -7.540   -7.453
   -7.301   -7.155   -6.932   -6.682    3.455    3.701    3.762    3.825    3.880    4.216
    4.368    4.485    4.558    4.931    4.935    5.246    5.429    5.518    5.867    6.102
    6.122    6.334    6.588    6.791    6.856    7.267    7.311    7.522    7.523    7.935
    8.314    8.394    8.505    8.643    8.743    8.922    9.553    9.844   12.458   13.074
   13.426   13.492   14.085   14.126   16.201   16.772   16.816   17.188   18.155   19.016
   19.954   20.653   21.107   21.403   21.910   22.018   22.239   22.413   23.173   23.724
            0.000000  0.350102  0.000000
 -113.384  -69.509  -67.725  -67.719  -67.706  -64.841  -64.778  -38.555  -38.547  -38.533
  -29.228  -29.186  -29.155  -29.087  -29.076  -29.034   -8.689   -7.999   -7.537   -7.455
   -7.302   -7.155   -6.932   -6.679    3.495    3.730    3.777    3.830    3.872    4.174
    4.360    4.488    4.531    4.902    4.979    5.235    5.423    5.497    5.914    6.092
    6.154    6.318    6.529    6.776    6.867    7.268    7.309    7.505    7.535    7.919
    8.321    8.418    8.516    8.644    8.733    8.910    9.570    9.851   12.439   13.100
   13.444   13.466   14.069   14.139   16.304   16.745   16.811   17.118   18.150   19.011
   19.930   20.735   21.098   21.448   21.838   22.029   22.265   22.363   23.216   23.666
            0.000000  0.370696  0.000000
 -113.384  -69.509  -67.725  -67.719  -67.706  -64.841  -64.778  -38.555  -38.547  -38.533
  -29.228  -29.186  -29.155  -29.087  -29.076  -29.034   -8.677   -8.015   -7.535   -7.456
   -7.303   -7.155   -6.932   -6.677    3.527    3.753    3.789    3.835    3.865    4.138
    4.356    4.492    4.510    4.880    5.023    5.213    5.419    5.483    5.962    6.081
    6.184    6.299    6.476    6.767    6.875    7.269    7.308    7.492    7.545    7.906
    8.324    8.437    8.527    8.645    8.725    8.901    9.582    9.856   12.425   13.122
   13.444   13.459   14.056   14.149   16.399   16.725   16.793   17.060   18.146   19.008
   19.912   20.807   21.092   21.466   21.793   22.037   22.284   22.321   23.261   23.607
            0.000000  0.391290  0.000000
 -113.384  -69.509  -67.725  -67.719  -67.706  -64.841  -64.778  -38.555  -38.547  -38.533
  -29.228  -29.186  -29.155  -29.087  -29.076  -29.034   -8.670   -8.026   -7.533   -7.457
   -7.304   -7.156   -6.932   -6.676    3.549    3.768    3.798    3.838    3.859    4.112
    4.353    4.494    4.496    4.866    5.062    5.187    5.417    5.476    6.003    6.068
    6.210    6.280    6.436    6.762    6.879    7.269    7.308    7.484    7.551    7.898
    8.326    8.449    8.535    8.645    8.719    8.894    9.589    9.860   12.417   13.138
   13.429   13.468   14.048   14.155   16.476   16.713   16.765   17.023   18.144   19.006
   19.901   20.859   21.088   21.463   21.776   22.042   22.291   22.295   23.302   23.558
            0.000000  0.411884  0.000000
 -113.384  -69.509  -67.725  -67.719  -67.706  -64.841  -64.778  -38.555  -38.547  -38.533
  -29.228  -29.186  -29.155  -29.087  -29.076  -29.034   -8.667   -8.029   -7.533   -7.457
   -7.304   -7.156   -6.932   -6.676    3.557    3.774    3.801    3.839    3.857    4.103
    4.352    4.491    4.495    4.861    5.081    5.171    5.416    5.474    6.026    6.057
    6.223    6.269    6.421    6.760    6.881    7.270    7.308    7.482    7.554    7.895
    8.326    8.452    8.538    8.645    8.717    8.892    9.591    9.861   12.414   13.143
   13.423   13.471   14.045   14.157   16.509   16.709   16.748   17.011   18.143   19.005
   19.898   20.878   21.087   21.457   21.773   22.044   22.281   22.299   23.320   23.537
            0.025000  0.411884  0.000359
 -113.384  -69.509  -67.725  -67.719  -67.706  -64.841  -64.778  -38.555  -38.547  -38.533
  -29.228  -29.186  -29.155  -29.087  -29.076  -29.034   -8.666   -8.029   -7.534   -7.456
   -7.305   -7.155   -6.932   -6.677    3.558    3.768    3.795    3.841    3.859    4.104
    4.356    4.465    4.521    4.858    5.089    5.170    5.411    5.479    6.024    6.058
    6.222    6.271    6.431    6.749    6.892    7.243    7.320    7.491    7.552    7.894
    8.319    8.453    8.535    8.645    8.722    8.891    9.593    9.857   12.417   13.143
   13.416   13.481   14.038   14.160   16.502   16.715   16.750   17.013   18.150   19.005
   19.895   20.862   21.098   21.455   21.765   22.018   22.302   22.323   23.320   23.538
            0.050000  0.411884  0.000718
 -113.384  -69.509  -67.725  -67.719  -67.706  -64.841  -64.778  -38.555  -38.547  -38.533
  -29.228  -29.186  -29.155  -29.087  -29.076  -29.034   -8.663   -8.027   -7.538   -7.454
   -7.307   -7.153   -6.930   -6.681    3.560    3.745    3.788    3.847    3.865    4.109
    4.367    4.440    4.546    4.850    5.111    5.167    5.400    5.491    6.008    6.069
    6.220    6.276    6.459    6.727    6.916    7.199    7.326    7.510    7.554    7.891
    8.298    8.453    8.527    8.646    8.734    8.889    9.597    9.848   12.423   13.142
   13.403   13.505   14.019   14.167   16.482   16.731   16.757   17.021   18.172   19.003
   19.885   20.823   21.126   21.448   21.742   21.970   22.323   22.409   23.321   23.541
            0.075000  0.411884  0.001077
 -113.384  -69.509  -67.725  -67.719  -67.706  -64.841  -64.778  -38.555  -38.547  -38.533
  -29.228  -29.186  -29.155  -29.087  -29.076  -29.034   -8.658   -8.024   -7.544   -7.452
   -7.312   -7.149   -6.928   -6.688    3.563    3.703    3.784    3.856    3.873    4.112
    4.384    4.419    4.568    4.841    5.136    5.171    5.388    5.504    5.978    6.093
    6.220    6.284    6.497    6.705    6.942    7.151    7.318    7.510    7.581    7.885
    8.271    8.447    8.518    8.647    8.750    8.887    9.603    9.832   12.433   13.141
   13.389   13.537   13.993   14.173   16.448   16.753   16.772   17.036   18.205   19.000
   19.870   20.768   21.158   21.435   21.710   21.925   22.353   22.514   23.323   23.547
            0.100000  0.411884  0.001436
 -113.384  -69.509  -67.725  -67.719  -67.706  -64.841  -64.778  -38.555  -38.547  -38.533
  -29.228  -29.186  -29.155  -29.087  -29.076  -29.034   -8.651   -8.020   -7.552   -7.448
   -7.317   -7.144   -6.925   -6.698    3.567    3.650    3.780    3.869    3.883    4.114
    4.395    4.414    4.586    4.834    5.139    5.203    5.377    5.515    5.939    6.118
    6.225    6.297    6.539    6.697    6.965    7.105    7.300    7.492    7.622    7.874
    8.240    8.431    8.515    8.649    8.767    8.885    9.610    9.810   12.447   13.139
   13.375   13.575   13.962   14.177   16.401   16.777   16.801   17.060   18.248   18.995
   19.850   20.704   21.190   21.415   21.677   21.888   22.391   22.627   23.324   23.557
            0.125000  0.411884  0.001795
 -113.384  -69.509  -67.725  -67.719  -67.706  -64.841  -64.778  -38.555  -38.547  -38.533
  -29.228  -29.186  -29.155  -29.087  -29.076  -29.034   -8.643   -8.015   -7.562   -7.444
   -7.324   -7.139   -6.922   -6.709    3.570    3.590    3.777    3.887    3.894    4.114
    4.383    4.440    4.601    4.832    5.132    5.251    5.366    5.522    5.896    6.130
    6.235    6.323    6.571    6.712    6.984    7.061    7.275    7.466    7.663    7.859
    8.210    8.406    8.517    8.650    8.782    8.887    9.617    9.784   12.464   13.136
   13.360   13.618   13.928   14.178   16.343   16.804   16.840   17.095   18.298   18.990
   19.826   20.634   21.217   21.388   21.648   21.859   22.436   22.740   23.325   23.571
            0.150000  0.411884  0.002154
 -113.384  -69.509  -67.725  -67.719  -67.706  -64.841  -64.778  -38.555  -38.547  -38.533
  -29.228  -29.186  -29.155  -29.087  -29.076  -29.034   -8.633   -8.010   -7.573   -7.440
   -7.332   -7.132   -6.918   -6.723    3.526    3.575    3.773    3.904    3.910    4.114
    4.372    4.469    4.615    4.837    5.124    5.305    5.357    5.524    5.853    6.121
    6.246    6.369    6.591    6.752    7.001    7.018    7.248    7.435    7.699    7.838
    8.183    8.376    8.525    8.650    8.793    8.894    9.622    9.753   12.485   13.134
   13.345   13.665   13.893   14.174   16.275   16.838   16.884   17.141   18.353   18.982
   19.800   20.558   21.236   21.355   21.623   21.841   22.486   22.849   23.323   23.592
            0.175000  0.411884  0.002513
 -113.384  -69.509  -67.725  -67.719  -67.706  -64.841  -64.778  -38.555  -38.547  -38.533
  -29.228  -29.186  -29.155  -29.087  -29.076  -29.034   -8.621   -8.003   -7.585   -7.436
   -7.340   -7.125   -6.914   -6.739    3.460    3.578    3.767    3.914    3.936    4.115
    4.362    4.498    4.632    4.849    5.116    5.346    5.360    5.522    5.811    6.096
    6.258    6.427    6.609    6.805    6.970    7.025    7.221    7.398    7.725    7.811
    8.158    8.347    8.535    8.650    8.798    8.908    9.624    9.721   12.508   13.132
   13.329   13.715   13.858   14.165   16.202   16.877   16.930   17.199   18.411   18.973
   19.772   20.478   21.247   21.320   21.598   21.834   22.540   22.948   23.318   23.620
            0.199999  0.411884  0.002872
 -113.384  -69.509  -67.725  -67.719  -67.706  -64.841  -64.778  -38.555  -38.547  -38.533
  -29.228  -29.186  -29.156  -29.087  -29.076  -29.034   -8.609   -7.995   -7.597   -7.432
   -7.349   -7.118   -6.911   -6.756    3.394    3.582    3.760    3.921    3.966    4.119
    4.354    4.523    4.654    4.868    5.111    5.333    5.414    5.518    5.772    6.060
    6.268    6.482    6.639    6.853    6.920    7.056    7.196    7.358    7.740    7.784
    8.133    8.324    8.547    8.649    8.799    8.926    9.619    9.690   12.534   13.129
   13.312   13.765   13.825   14.151   16.125   16.921   16.978   17.270   18.470   18.962
   19.744   20.395   21.246   21.288   21.569   21.839   22.597   23.030   23.308   23.656
            0.224999  0.411884  0.003231
 -113.384  -69.509  -67.725  -67.719  -67.706  -64.841  -64.778  -38.555  -38.547  -38.533
  -29.228  -29.186  -29.156  -29.087  -29.076  -29.034   -8.595   -7.987   -7.610   -7.428
   -7.357   -7.110   -6.908   -6.773    3.329    3.586    3.752    3.924    3.998    4.125
    4.350    4.543    4.684    4.894    5.109    5.316    5.462    5.516    5.736    6.020
    6.277    6.520    6.691    6.850    6.906    7.084    7.188    7.322    7.731    7.767
    8.103    8.309    8.560    8.649    8.797    8.948    9.601    9.666   12.562   13.128
   13.294   13.779   13.831   14.133   16.047   16.968   17.026   17.351   18.530   18.949
   19.717   20.312   21.226   21.267   21.534   21.857   22.656   23.087   23.295   23.696
            0.249999  0.411884  0.003590
 -113.384  -69.509  -67.725  -67.719  -67.706  -64.841  -64.778  -38.555  -38.547  -38.533
  -29.228  -29.186  -29.156  -29.088  -29.076  -29.034   -8.581   -7.978   -7.624   -7.424
   -7.366   -7.102   -6.906   -6.791    3.268    3.590    3.743    3.922    4.031    4.133
    4.351    4.562    4.720    4.925    5.110    5.292    5.488    5.534    5.706    5.980
    6.282    6.544    6.757    6.787    6.934    7.075    7.215    7.306    7.700    7.763
    8.066    8.305    8.572    8.651    8.792    8.973    9.568    9.650   12.592   13.127
   13.275   13.751   13.880   14.110   15.969   17.018   17.074   17.442   18.588   18.934
   19.689   20.230   21.194   21.252   21.493   21.886   22.714   23.111   23.285   23.739
            0.274999  0.411884  0.003949
 -113.384  -69.509  -67.725  -67.719  -67.706  -64.841  -64.778  -38.555  -38.547  -38.533
  -29.228  -29.186  -29.156  -29.088  -29.076  -29.034   -8.567   -7.968   -7.638   -7.420
   -7.373   -7.095   -6.906   -6.808    3.209    3.595    3.733    3.915    4.065    4.142
    4.358    4.581    4.759    4.959    5.115    5.263    5.494    5.564    5.686    5.943
    6.283    6.562    6.713    6.824    6.948    7.049    7.232    7.348    7.664    7.760
    8.024    8.306    8.582    8.656    8.784    8.999    9.528    9.637   12.623   13.127
   13.256   13.723   13.931   14.083   15.894   17.067   17.122   17.541   18.645   18.916
   19.662   20.150   21.160   21.234   21.449   21.925   22.769   23.095   23.283   23.783
            0.299999  0.411884  0.004308
 -113.384  -69.509  -67.725  -67.719  -67.706  -64.841  -64.778  -38.555  -38.547  -38.533
  -29.228  -29.186  -29.156  -29.088  -29.076  -29.034   -8.552   -7.958   -7.651   -7.416
   -7.381   -7.087   -6.908   -6.823    3.155    3.600    3.724    3.903    4.096    4.151
    4.372    4.602    4.798    4.993    5.123    5.235    5.494    5.577    5.688    5.909
    6.278    6.578    6.638    6.856    6.950    7.037    7.246    7.429    7.628    7.755
    7.978    8.308    8.589    8.663    8.775    9.026    9.485    9.621   12.655   13.129
   13.235   13.697   13.980   14.053   15.824   17.115   17.170   17.646   18.700   18.897
   19.634   20.073   21.128   21.212   21.403   21.972   22.818   23.053   23.284   23.828
            0.324999  0.411884  0.004667
 -113.384  -69.509  -67.725  -67.719  -67.706  -64.841  -64.778  -38.555  -38.547  -38.533
  -29.228  -29.186  -29.156  -29.088  -29.076  -29.034   -8.539   -7.948   -7.665   -7.414
   -7.387   -7.080   -6.913   -6.834    3.107    3.607    3.715    3.887    4.126    4.158
    4.395    4.624    4.836    5.016    5.131    5.220    5.487    5.576    5.712    5.881
    6.269    6.545    6.611    6.821    6.970    7.043    7.281    7.514    7.594    7.753
    7.931    8.307    8.596    8.672    8.765    9.052    9.443    9.603   12.688   13.132
   13.214   13.677   14.009   14.035   15.758   17.159   17.217   17.755   18.749   18.876
   19.606   20.003   21.098   21.187   21.354   22.026   22.857   22.998   23.283   23.873
            0.349999  0.411884  0.005026
 -113.384  -69.509  -67.725  -67.719  -67.706  -64.841  -64.778  -38.555  -38.547  -38.533
  -29.228  -29.186  -29.156  -29.088  -29.076  -29.034   -8.526   -7.938   -7.678   -7.412
   -7.391   -7.074   -6.921   -6.842    3.063    3.614    3.707    3.869    4.151    4.165
    4.424    4.648    4.871    5.020    5.131    5.239    5.469    5.579    5.741    5.860
    6.254    6.462    6.633    6.760    6.969    7.076    7.329    7.549    7.612    7.760
    7.884    8.300    8.601    8.679    8.757    9.076    9.402    9.581   12.719   13.137
   13.194   13.661   13.977   14.071   15.700   17.199   17.263   17.867   18.782   18.866
   19.574   19.940   21.072   21.159   21.305   22.088   22.881   22.945   23.279   23.913
            0.374999  0.411884  0.005385
 -113.384  -69.509  -67.725  -67.719  -67.706  -64.841  -64.778  -38.555  -38.547  -38.533
  -29.228  -29.186  -29.156  -29.088  -29.076  -29.034   -8.514   -7.928   -7.690   -7.412
   -7.393   -7.068   -6.931   -6.847    3.026    3.622    3.700    3.848    4.165    4.177
    4.458    4.673    4.897    5.008    5.124    5.287    5.446    5.590    5.762    5.851
    6.232    6.375    6.657    6.701    6.955    7.115    7.369    7.537    7.673    7.788
    7.839    8.284    8.605    8.683    8.753    9.098    9.364    9.558   12.750   13.143
   13.173   13.651   13.939   14.107   15.649   17.233   17.305   17.979   18.775   18.890
   19.538   19.888   21.051   21.132   21.256   22.155   22.872   22.913   23.274   23.938
            0.399999  0.411884  0.005744
 -113.384  -69.509  -67.725  -67.719  -67.706  -64.841  -64.778  -38.555  -38.547  -38.533
  -29.228  -29.186  -29.156  -29.088  -29.076  -29.034   -8.504   -7.919   -7.701   -7.414
   -7.393   -7.062   -6.942   -6.850    2.995    3.630    3.695    3.827    4.169    4.196
    4.497    4.696    4.907    4.996    5.114    5.351    5.425    5.605    5.764    5.865
    6.199    6.292    6.644    6.684    6.946    7.144    7.389    7.542    7.713    7.794
    7.849    8.261    8.608    8.682    8.755    9.115    9.331    9.534   12.777   13.149
   13.154   13.647   13.900   14.137   15.606   17.262   17.342   18.090   18.740   18.931
   19.497   19.847   21.036   21.106   21.210   22.224   22.834   22.902   23.272   23.939
            0.424999  0.411884  0.006103
 -113.384  -69.509  -67.725  -67.719  -67.706  -64.841  -64.778  -38.555  -38.547  -38.533
  -29.228  -29.186  -29.156  -29.088  -29.076  -29.034   -8.495   -7.911   -7.710   -7.416
   -7.393   -7.058   -6.952   -6.852    2.971    3.637    3.693    3.807    4.170    4.211
    4.539    4.712    4.896    4.999    5.102    5.409    5.421    5.623    5.750    5.894
    6.148    6.223    6.605    6.700    6.950    7.149    7.402    7.553    7.743    7.762
    7.916    8.228    8.607    8.679    8.760    9.129    9.304    9.513   12.802   13.136
   13.156   13.649   13.862   14.162   15.572   17.285   17.373   18.197   18.693   18.974
   19.454   19.819   21.028   21.084   21.167   22.293   22.801   22.883   23.270   23.915
            0.449999  0.411884  0.006462
 -113.384  -69.509  -67.725  -67.719  -67.706  -64.841  -64.778  -38.555  -38.547  -38.533
  -29.228  -29.186  -29.156  -29.088  -29.076  -29.034   -8.489   -7.905   -7.718   -7.418
   -7.392   -7.054   -6.960   -6.852    2.954    3.643    3.694    3.790    4.171    4.222
    4.582    4.715    4.882    5.005    5.091    5.398    5.488    5.645    5.732    5.923
    6.088    6.169    6.578    6.708    6.969    7.130    7.427    7.551    7.723    7.790
    7.981    8.188    8.603    8.678    8.766    9.139    9.283    9.496   12.821   13.121
   13.161   13.656   13.829   14.180   15.547   17.302   17.396   18.298   18.637   19.013
   19.413   19.800   21.026   21.067   21.129   22.354   22.777   22.855   23.269   23.883
            0.474999  0.411884  0.006821
 -113.384  -69.509  -67.725  -67.719  -67.706  -64.841  -64.778  -38.555  -38.547  -38.533
  -29.228  -29.186  -29.157  -29.088  -29.076  -29.034   -8.485   -7.901   -7.722   -7.419
   -7.391   -7.051   -6.965   -6.853    2.943    3.647    3.696    3.777    4.171    4.229
    4.623    4.700    4.877    5.006    5.084    5.393    5.540    5.668    5.715    5.934
    6.056    6.123    6.563    6.711    7.002    7.094    7.460    7.533    7.704    7.820
    8.040    8.143    8.599    8.678    8.770    9.145    9.269    9.486   12.834   13.112
   13.165   13.664   13.804   14.190   15.532   17.312   17.410   18.389   18.574   19.042
   19.382   19.790   21.031   21.056   21.101   22.400   22.765   22.829   23.268   23.859
            0.499999  0.411884  0.007180
 -113.384  -69.509  -67.725  -67.719  -67.706  -64.841  -64.778  -38.555  -38.547  -38.533
  -29.228  -29.186  -29.157  -29.088  -29.076  -29.034   -8.484   -7.900   -7.724   -7.420
   -7.391   -7.051   -6.967   -6.853    2.939    3.648    3.697    3.773    4.171    4.232
    4.651    4.679    4.876    5.005    5.082    5.391    5.560    5.682    5.706    5.928
    6.061    6.096    6.558    6.711    7.030    7.065    7.487    7.512    7.698    7.831
    8.087    8.100    8.598    8.679    8.772    9.147    9.264    9.482   12.839   13.108
   13.166   13.668   13.794   14.194   15.527   17.316   17.415   18.444   18.528   19.053
   19.369   19.787   21.035   21.052   21.089   22.417   22.763   22.816   23.267   23.851
            0.474999  0.391290  0.006821
 -113.384  -69.509  -67.725  -67.719  -67.706  -64.841  -64.778  -38.555  -38.547  -38.533
  -29.228  -29.186  -29.157  -29.088  -29.076  -29.034   -8.486   -7.900   -7.722   -7.419
   -7.391   -7.051   -6.966   -6.852    2.945    3.643    3.699    3.779    4.170    4.230
    4.616    4.690    4.882    5.005    5.087    5.392    5.538    5.667    5.715    5.935
    6.058    6.130    6.560    6.711    7.003    7.094    7.455    7.531    7.705    7.803
    8.055    8.151    8.598    8.678    8.770    9.145    9.270    9.488   12.835   13.111
   13.164   13.662   13.804   14.192   15.536   17.307   17.411   18.383   18.569   19.033
   19.379   19.807   20.997   21.079   21.111   22.397   22.772   22.824   23.259   23.860
            0.449999  0.370696  0.006462
 -113.384  -69.509  -67.725  -67.719  -67.706  -64.841  -64.778  -38.555  -38.547  -38.533
  -29.228  -29.186  -29.156  -29.088  -29.076  -29.034   -8.492   -7.902   -7.717   -7.418
   -7.390   -7.053   -6.965   -6.851    2.961    3.634    3.702    3.797    4.168    4.227
    4.551    4.694    4.890    5.004    5.101    5.395    5.485    5.645    5.730    5.937
    6.080    6.199    6.566    6.713    6.973    7.128    7.406    7.543    7.712    7.752
    8.038    8.213    8.597    8.676    8.767    9.139    9.286    9.506   12.823   13.118
   13.158   13.650   13.827   14.186   15.561   17.282   17.398   18.277   18.620   18.988
   19.398   19.860   20.964   21.085   21.170   22.348   22.800   22.836   23.240   23.883
            0.424999  0.350102  0.006103
 -113.384  -69.509  -67.725  -67.719  -67.706  -64.841  -64.778  -38.555  -38.547  -38.533
  -29.228  -29.186  -29.156  -29.088  -29.076  -29.034   -8.503   -7.903   -7.709   -7.415
   -7.388   -7.057   -6.963   -6.850    2.987    3.623    3.705    3.823    4.164    4.221
    4.476    4.687    4.888    5.003    5.117    5.396    5.432    5.628    5.744    5.929
    6.119    6.279    6.581    6.720    6.954    7.145    7.350    7.526    7.681    7.760
    8.033    8.268    8.596    8.669    8.766    9.130    9.305    9.537   12.807   13.126
   13.149   13.638   13.855   14.177   15.602   17.238   17.380   18.153   18.659   18.939
   19.414   19.931   20.949   21.090   21.234   22.291   22.810   22.864   23.224   23.909
            0.399999  0.329507  0.005744
 -113.384  -69.509  -67.725  -67.719  -67.706  -64.841  -64.778  -38.555  -38.547  -38.533
  -29.228  -29.186  -29.156  -29.088  -29.076  -29.034   -8.519   -7.901   -7.699   -7.412
   -7.385   -7.061   -6.961   -6.847    3.021    3.615    3.706    3.854    4.153    4.212
    4.402    4.668    4.880    5.004    5.127    5.360    5.425    5.618    5.757    5.921
    6.155    6.352    6.617    6.733    6.944    7.133    7.291    7.484    7.679    7.781
    8.034    8.314    8.593    8.658    8.768    9.117    9.324    9.578   12.789   13.124
   13.147   13.632   13.882   14.167   15.655   17.178   17.356   18.021   18.686   18.897
   19.423   20.002   20.957   21.096   21.294   22.241   22.769   22.933   23.221   23.901
            0.374999  0.308913  0.005385
 -113.384  -69.509  -67.725  -67.719  -67.706  -64.841  -64.778  -38.555  -38.547  -38.533
  -29.228  -29.186  -29.156  -29.088  -29.076  -29.034   -8.540   -7.897   -7.688   -7.409
   -7.381   -7.066   -6.958   -6.844    3.060    3.609    3.705    3.887    4.128    4.204
    4.336    4.636    4.874    5.006    5.129    5.317    5.438    5.613    5.768    5.916
    6.176    6.411    6.673    6.753    6.928    7.094    7.244    7.454    7.698    7.795
    8.040    8.348    8.585    8.648    8.771    9.101    9.339    9.625   12.771   13.109
   13.153   13.631   13.907   14.157   15.716   17.106   17.322   17.894   18.700   18.866
   19.430   20.060   20.984   21.107   21.350   22.207   22.700   23.019   23.235   23.837
            0.349999  0.288319  0.005026
 -113.384  -69.509  -67.725  -67.719  -67.706  -64.841  -64.778  -38.555  -38.547  -38.533
  -29.229  -29.186  -29.156  -29.088  -29.076  -29.034   -8.565   -7.888   -7.677   -7.407
   -7.375   -7.072   -6.955   -6.841    3.103    3.605    3.703    3.916    4.088    4.196
    4.285    4.600    4.874    5.005    5.128    5.282    5.450    5.614    5.781    5.915
    6.178    6.464    6.707    6.796    6.886    7.071    7.219    7.443    7.720    7.801
    8.053    8.370    8.573    8.645    8.772    9.083    9.351    9.671   12.757   13.090
   13.159   13.634   13.929   14.150   15.778   17.028   17.278   17.783   18.699   18.849
   19.435   20.104   21.013   21.136   21.400   22.189   22.621   23.109   23.267   23.734
            0.324999  0.267725  0.004667
 -113.384  -69.509  -67.725  -67.719  -67.706  -64.841  -64.778  -38.555  -38.547  -38.533
  -29.229  -29.186  -29.156  -29.088  -29.075  -29.034   -8.596   -7.874   -7.666   -7.405
   -7.369   -7.078   -6.952   -6.837    3.144    3.599    3.702    3.936    4.039    4.181
    4.260    4.569    4.879    4.998    5.127    5.258    5.458    5.619    5.793    5.916
    6.167    6.504    6.675    6.848    6.873    7.082    7.218    7.444    7.734    7.805
    8.071    8.375    8.561    8.648    8.771    9.064    9.362    9.710   12.746   13.067
   13.162   13.639   13.950   14.145   15.831   16.951   17.223   17.696   18.681   18.847
   19.442   20.136   21.022   21.195   21.447   22.179   22.547   23.170   23.337   23.619
            0.299999  0.247131  0.004308
 -113.384  -69.509  -67.725  -67.719  -67.706  -64.841  -64.778  -38.555  -38.547  -38.533
  -29.229  -29.187  -29.156  -29.088  -29.075  -29.034   -8.629   -7.856   -7.655   -7.403
   -7.361   -7.086   -6.947   -6.833    3.180    3.586    3.704    3.935    3.989    4.160
    4.269    4.548    4.884    4.983    5.125    5.247    5.461    5.627    5.802    5.923
    6.147    6.481    6.644    6.877    6.917    7.112    7.235    7.452    7.729    7.821
    8.090    8.366    8.550    8.655    8.766    9.046    9.372    9.737   12.742   13.043
   13.164   13.641   13.971   14.143   15.862   16.880   17.169   17.637   18.648   18.854
   19.455   20.161   21.012   21.267   21.499   22.160   22.499   23.180   23.423   23.541
            0.274999  0.226536  0.003949
 -113.384  -69.509  -67.725  -67.719  -67.706  -64.841  -64.778  -38.555  -38.547  -38.533
  -29.229  -29.187  -29.156  -29.087  -29.075  -29.034   -8.665   -7.834   -7.645   -7.403
   -7.352   -7.095   -6.943   -6.829    3.207    3.564    3.708    3.911    3.943    4.154
    4.300    4.535    4.881    4.971    5.118    5.251    5.462    5.638    5.806    5.935
    6.123    6.393    6.662    6.918    6.946    7.160    7.257    7.470    7.714    7.843
    8.109    8.346    8.540    8.664    8.759    9.031    9.383    9.750   12.745   13.018
   13.163   13.640   13.995   14.142   15.859   16.820   17.133   17.603   18.607   18.864
   19.475   20.186   20.991   21.330   21.565   22.118   22.489   23.134   23.405   23.627
            0.249999  0.205942  0.003590
 -113.384  -69.509  -67.725  -67.719  -67.706  -64.841  -64.778  -38.555  -38.547  -38.533
  -29.229  -29.187  -29.156  -29.087  -29.075  -29.034   -8.703   -7.810   -7.634   -7.403
   -7.343   -7.105   -6.938   -6.824    3.222    3.534    3.700    3.879    3.914    4.160
    4.344    4.531    4.866    4.970    5.102    5.267    5.464    5.651    5.803    5.954
    6.092    6.305    6.688    6.944    6.983    7.216    7.271    7.494    7.701    7.864
    8.125    8.322    8.530    8.671    8.751    9.017    9.396    9.749   12.755   12.993
   13.162   13.632   14.022   14.142   15.816   16.771   17.126   17.590   18.560   18.874
   19.505   20.212   20.961   21.373   21.644   22.062   22.510   23.043   23.383   23.761
            0.224999  0.185348  0.003231
 -113.384  -69.509  -67.725  -67.719  -67.706  -64.841  -64.778  -38.555  -38.547  -38.533
  -29.229  -29.187  -29.156  -29.087  -29.075  -29.033   -8.740   -7.784   -7.623   -7.404
   -7.334   -7.115   -6.933   -6.817    3.223    3.503    3.670    3.851    3.906    4.172
    4.390    4.538    4.844    4.973    5.082    5.286    5.472    5.661    5.797    5.978
    6.056    6.244    6.711    6.950    7.028    7.263    7.283    7.522    7.694    7.878
    8.139    8.301    8.522    8.668    8.751    9.005    9.408    9.733   12.771   12.971
   13.160   13.618   14.049   14.144   15.736   16.731   17.150   17.596   18.508   18.884
   19.546   20.243   20.920   21.396   21.720   22.014   22.546   22.940   23.376   23.765
            0.199999  0.164754  0.002872
 -113.384  -69.509  -67.725  -67.719  -67.706  -64.841  -64.778  -38.555  -38.547  -38.533
  -29.229  -29.188  -29.156  -29.087  -29.075  -29.033   -8.777   -7.759   -7.610   -7.405
   -7.325   -7.127   -6.930   -6.810    3.208    3.475    3.626    3.827    3.917    4.186
    4.422    4.560    4.825    4.967    5.071    5.299    5.493    5.661    5.796    6.001
    6.023    6.212    6.726    6.951    7.061    7.266    7.330    7.548    7.691    7.883
    8.150    8.286    8.519    8.649    8.763    8.994    9.418    9.708   12.787   12.956
   13.158   13.598   14.068   14.154   15.630   16.700   17.195   17.622   18.452   18.895
   19.598   20.278   20.868   21.406   21.761   22.001   22.578   22.858   23.369   23.663
            0.175000  0.144160  0.002513
 -113.384  -69.509  -67.725  -67.719  -67.706  -64.841  -64.778  -38.555  -38.547  -38.533
  -29.229  -29.188  -29.156  -29.087  -29.074  -29.033   -8.812   -7.736   -7.594   -7.407
   -7.317   -7.140   -6.928   -6.801    3.180    3.453    3.583    3.804    3.936    4.200
    4.433    4.590    4.814    4.946    5.082    5.303    5.528    5.648    5.806    5.990
    6.035    6.202    6.729    6.948    7.080    7.265    7.372    7.573    7.684    7.884
    8.159    8.282    8.523    8.619    8.785    8.985    9.421    9.680   12.798   12.956
   13.157   13.573   14.074   14.176   15.512   16.679   17.246   17.664   18.391   18.911
   19.658   20.316   20.805   21.406   21.754   22.023   22.599   22.822   23.349   23.576
            0.150000  0.123565  0.002154
 -113.384  -69.509  -67.725  -67.719  -67.706  -64.841  -64.778  -38.555  -38.547  -38.533
  -29.229  -29.188  -29.156  -29.087  -29.074  -29.033   -8.844   -7.718   -7.574   -7.410
   -7.309   -7.154   -6.926   -6.792    3.143    3.430    3.553    3.784    3.956    4.212
    4.433    4.605    4.802    4.940    5.106    5.302    5.568    5.634    5.820    5.984
    6.063    6.208    6.713    6.942    7.090    7.266    7.401    7.591    7.671    7.891
    8.162    8.289    8.528    8.584    8.812    8.977    9.408    9.659   12.798   12.974
   13.156   13.544   14.068   14.205   15.392   16.667   17.300   17.718   18.326   18.935
   19.726   20.353   20.734   21.399   21.722   22.036   22.625   22.832   23.309   23.519
            0.125000  0.102971  0.001795
 -113.384  -69.509  -67.725  -67.719  -67.706  -64.841  -64.778  -38.555  -38.547  -38.533
  -29.229  -29.188  -29.156  -29.087  -29.074  -29.033   -8.872   -7.704   -7.552   -7.412
   -7.302   -7.169   -6.926   -6.782    3.104    3.405    3.539    3.765    3.973    4.220
    4.430    4.596    4.771    4.973    5.137    5.300    5.575    5.655    5.831    5.998
    6.092    6.223    6.677    6.934    7.093    7.267    7.419    7.596    7.654    7.915
    8.160    8.309    8.518    8.559    8.842    8.973    9.376    9.652   12.790   13.010
   13.156   13.510   14.055   14.235   15.278   16.661   17.354   17.774   18.257   18.970
   19.798   20.385   20.662   21.386   21.681   22.018   22.681   22.866   23.255   23.486
            0.100000  0.082377  0.001436
 -113.384  -69.509  -67.725  -67.719  -67.706  -64.841  -64.778  -38.555  -38.547  -38.533
  -29.229  -29.188  -29.155  -29.086  -29.074  -29.033   -8.896   -7.695   -7.527   -7.415
   -7.295   -7.184   -6.927   -6.772    3.067    3.379    3.536    3.749    3.988    4.221
    4.429    4.573    4.735    5.025    5.167    5.300    5.556    5.697    5.850    6.030
    6.120    6.243    6.622    6.928    7.079    7.272    7.429    7.592    7.629    7.959
    8.156    8.333    8.482    8.551    8.874    8.973    9.329    9.656   12.780   13.055
   13.157   13.471   14.040   14.263   15.178   16.660   17.411   17.824   18.186   19.016
   19.868   20.398   20.606   21.367   21.633   21.985   22.760   22.906   23.204   23.464
            0.075000  0.061783  0.001077
 -113.384  -69.509  -67.725  -67.719  -67.706  -64.841  -64.778  -38.555  -38.547  -38.533
  -29.229  -29.188  -29.155  -29.086  -29.074  -29.033   -8.915   -7.689   -7.504   -7.417
   -7.288   -7.200   -6.928   -6.764    3.035    3.357    3.540    3.736    3.999    4.218
    4.429    4.543    4.705    5.077    5.191    5.305    5.535    5.723    5.894    6.067
    6.146    6.266    6.556    6.924    7.045    7.288    7.437    7.566    7.617    8.016
    8.157    8.351    8.444    8.540    8.905    8.976    9.277    9.667   12.770   13.105
   13.159   13.428   14.023   14.286   15.096   16.661   17.470   17.860   18.117   19.068
   19.931   20.383   20.583   21.341   21.584   21.955   22.840   22.947   23.171   23.442
            0.050000  0.041188  0.000718
 -113.384  -69.509  -67.725  -67.719  -67.706  -64.841  -64.778  -38.555  -38.547  -38.533
  -29.229  -29.188  -29.155  -29.086  -29.074  -29.033   -8.929   -7.685   -7.483   -7.420
   -7.281   -7.216   -6.928   -6.758    3.011    3.340    3.545    3.727    4.008    4.211
    4.431    4.515    4.684    5.121    5.203    5.313    5.517    5.730    5.961    6.100
    6.167    6.284    6.489    6.921    7.001    7.313    7.444    7.520    7.621    8.071
    8.168    8.342    8.426    8.524    8.932    8.984    9.228    9.677   12.763   13.152
   13.167   13.383   14.009   14.303   15.036   16.662   17.529   17.878   18.060   19.118
   19.976   20.354   20.585   21.310   21.546   21.933   22.897   22.982   23.165   23.419
            0.025000  0.020594  0.000359
 -113.384  -69.509  -67.725  -67.719  -67.706  -64.841  -64.778  -38.555  -38.547  -38.533
  -29.229  -29.188  -29.155  -29.086  -29.074  -29.033   -8.937   -7.683   -7.469   -7.422
   -7.275   -7.228   -6.929   -6.754    2.996    3.330    3.549    3.722    4.013    4.205
    4.434    4.497    4.672    5.153    5.205    5.319    5.505    5.730    6.026    6.127
    6.177    6.290    6.440    6.917    6.967    7.342    7.448    7.475    7.627    8.104
    8.200    8.306    8.424    8.509    8.951    8.993    9.191    9.685   12.759   13.159
   13.213   13.335   13.999   14.313   14.999   16.664   17.578   17.874   18.025   19.155
   20.000   20.336   20.591   21.283   21.522   21.921   22.925   23.004   23.183   23.396
            0.000000  0.000000  0.000000
 -113.384  -69.509  -67.725  -67.719  -67.706  -64.841  -64.778  -38.555  -38.547  -38.533
  -29.229  -29.188  -29.155  -29.086  -29.074  -29.033   -8.940   -7.682   -7.463   -7.423
   -7.272   -7.234   -6.929   -6.752    2.991    3.326    3.550    3.720    4.015    4.203
    4.435    4.490    4.668    5.166    5.204    5.322    5.501    5.729    6.054    6.151
    6.166    6.287    6.424    6.913    6.956    7.359    7.446    7.457    7.629    8.114
    8.231    8.277    8.425    8.504    8.957    8.999    9.176    9.688   12.758   13.160
   13.246   13.304   13.995   14.317   14.987   16.664   17.599   17.866   18.015   19.169
   20.006   20.331   20.594   21.272   21.514   21.918   22.932   23.011   23.197   23.386
           -0.000005  0.000000  0.023840
 -113.384  -69.509  -67.725  -67.719  -67.706  -64.841  -64.778  -38.555  -38.547  -38.533
  -29.229  -29.189  -29.155  -29.087  -29.073  -29.033   -8.938   -7.683   -7.468   -7.420
   -7.277   -7.228   -6.930   -6.753    2.994    3.329    3.550    3.722    4.002    4.205
    4.439    4.491    4.673    5.167    5.169    5.329    5.510    5.747    6.052    6.142
    6.177    6.286    6.420    6.921    6.949    7.357    7.388    7.519    7.628    8.110
    8.215    8.283    8.421    8.512    8.944    8.994    9.194    9.690   12.760   13.151
   13.248   13.305   13.996   14.312   14.996   16.663   17.568   17.900   18.017   19.167
   20.007   20.324   20.593   21.274   21.516   21.920   22.922   22.998   23.206   23.394
           -0.000009  0.000000  0.047680
 -113.384  -69.509  -67.725  -67.719  -67.706  -64.841  -64.778  -38.555  -38.547  -38.533
  -29.229  -29.189  -29.155  -29.088  -29.072  -29.033   -8.931   -7.685   -7.478   -7.415
   -7.287   -7.215   -6.933   -6.755    3.001    3.338    3.551    3.727    3.967    4.208
    4.448    4.494    4.690    5.096    5.168    5.339    5.529    5.792    6.045    6.135
    6.193    6.285    6.411    6.929    6.944    7.320    7.367    7.580    7.630    8.099
    8.182    8.287    8.418    8.530    8.910    8.990    9.237    9.697   12.767   13.127
   13.249   13.306   13.997   14.298   15.023   16.661   17.500   17.974   18.023   19.162
   20.011   20.303   20.591   21.281   21.520   21.929   22.891   22.971   23.226   23.419
           -0.000014  0.000000  0.071520
 -113.384  -69.509  -67.725  -67.719  -67.706  -64.841  -64.778  -38.555  -38.547  -38.533
  -29.229  -29.190  -29.154  -29.090  -29.070  -29.033   -8.920   -7.687   -7.491   -7.412
   -7.294   -7.200   -6.938   -6.757    3.014    3.352    3.553    3.736    3.923    4.209
    4.451    4.500    4.714    5.015    5.171    5.344    5.549    5.840    6.038    6.143
    6.207    6.283    6.399    6.899    6.977    7.268    7.370    7.600    7.667    8.081
    8.143    8.282    8.420    8.550    8.869    8.986    9.287    9.708   12.778   13.096
   13.247   13.307   13.999   14.275   15.067   16.658   17.424   18.022   18.073   19.153
   20.015   20.271   20.587   21.291   21.527   21.947   22.840   22.941   23.247   23.461
           -0.000018  0.000000  0.095359
 -113.384  -69.509  -67.725  -67.719  -67.706  -64.841  -64.778  -38.555  -38.547  -38.533
  -29.229  -29.191  -29.154  -29.092  -29.068  -29.033   -8.905   -7.691   -7.505   -7.416
   -7.296   -7.186   -6.944   -6.761    3.030    3.368    3.557    3.747    3.876    4.208
    4.448    4.503    4.738    4.948    5.175    5.347    5.567    5.865    6.029    6.181
    6.217    6.279    6.388    6.861    7.016    7.225    7.373    7.591    7.724    8.053
    8.106    8.269    8.427    8.568    8.831    8.982    9.340    9.724   12.792   13.061
   13.240   13.307   13.999   14.244   15.127   16.652   17.347   18.032   18.167   19.140
   20.016   20.236   20.581   21.301   21.535   21.976   22.776   22.906   23.265   23.514
           -0.000023  0.000000  0.119199
 -113.384  -69.509  -67.725  -67.719  -67.706  -64.841  -64.778  -38.555  -38.547  -38.533
  -29.229  -29.192  -29.153  -29.094  -29.066  -29.033   -8.885   -7.695   -7.520   -7.428
   -7.292   -7.172   -6.951   -6.765    3.051    3.383    3.565    3.760    3.834    4.205
    4.438    4.492    4.745    4.919    5.180    5.349    5.586    5.860    6.018    6.219
    6.244    6.280    6.383    6.818    7.051    7.197    7.374    7.576    7.774    8.014
    8.076    8.253    8.436    8.582    8.798    8.979    9.392    9.745   12.810   13.026
   13.229   13.305   13.997   14.204   15.202   16.646   17.275   18.043   18.263   19.123
   20.008   20.202   20.577   21.310   21.543   22.019   22.706   22.866   23.281   23.574
           -0.000027  0.000000  0.143039
 -113.384  -69.509  -67.725  -67.719  -67.706  -64.841  -64.778  -38.555  -38.547  -38.533
  -29.228  -29.193  -29.152  -29.096  -29.064  -29.033   -8.861   -7.700   -7.536   -7.446
   -7.282   -7.160   -6.957   -6.770    3.074    3.391    3.580    3.768    3.811    4.200
    4.417    4.467    4.736    4.931    5.188    5.350    5.605    5.836    6.007    6.213
    6.264    6.322    6.400    6.775    7.070    7.194    7.372    7.560    7.810    7.969
    8.057    8.238    8.444    8.593    8.772    8.975    9.441    9.768   12.829   12.994
   13.215   13.300   13.992   14.158   15.288   16.639   17.209   18.056   18.357   19.102
   19.985   20.175   20.578   21.316   21.553   22.076   22.634   22.822   23.296   23.638
           -0.000032  0.000000  0.166879
 -113.384  -69.509  -67.725  -67.719  -67.706  -64.841  -64.778  -38.555  -38.547  -38.533
  -29.228  -29.195  -29.151  -29.098  -29.062  -29.033   -8.833   -7.705   -7.554   -7.468
   -7.269   -7.149   -6.963   -6.776    3.098    3.390    3.596    3.770    3.815    4.193
    4.370    4.447    4.731    4.960    5.198    5.352    5.622    5.804    5.995    6.199
    6.264    6.339    6.467    6.736    7.063    7.216    7.369    7.543    7.829    7.923
    8.050    8.222    8.451    8.600    8.753    8.971    9.487    9.793   12.846   12.970
   13.199   13.293   13.983   14.107   15.383   16.631   17.149   18.070   18.446   19.074
   19.949   20.155   20.588   21.321   21.564   22.143   22.563   22.773   23.308   23.702
           -0.000036  0.000000  0.190719
 -113.384  -69.509  -67.725  -67.719  -67.706  -64.841  -64.778  -38.555  -38.547  -38.533
  -29.228  -29.196  -29.150  -29.101  -29.060  -29.032   -8.801   -7.710   -7.575   -7.491
   -7.254   -7.140   -6.968   -6.782    3.123    3.381    3.607    3.787    3.831    4.187
    4.303    4.433    4.736    4.989    5.210    5.353    5.635    5.770    5.985    6.183
    6.262    6.338    6.543    6.710    7.044    7.245    7.366    7.530    7.828    7.880
    8.057    8.207    8.456    8.605    8.742    8.967    9.531    9.819   12.852   12.962
   13.182   13.283   13.970   14.051   15.485   16.622   17.098   18.084   18.529   19.040
   19.906   20.133   20.612   21.324   21.577   22.211   22.501   22.724   23.318   23.765
           -0.000041  0.000000  0.214559
 -113.384  -69.509  -67.725  -67.719  -67.706  -64.841  -64.778  -38.555  -38.547  -38.533
  -29.227  -29.198  -29.148  -29.103  -29.058  -29.032   -8.765   -7.716   -7.601   -7.513
   -7.238   -7.134   -6.970   -6.789    3.144    3.368    3.609    3.831    3.849    4.181
    4.232    4.422    4.747    5.011    5.222    5.353    5.636    5.740    5.978    6.171
    6.260    6.330    6.594    6.708    7.022    7.265    7.365    7.528    7.811    7.846
    8.071    8.191    8.461    8.608    8.736    8.963    9.573    9.845   12.845   12.975
   13.164   13.272   13.950   13.994   15.590   16.615   17.055   18.099   18.605   18.997
   19.863   20.108   20.647   21.329   21.592   22.256   22.467   22.679   23.323   23.823
           -0.000045  0.000000  0.238398
 -113.384  -69.509  -67.725  -67.719  -67.706  -64.841  -64.778  -38.555  -38.547  -38.533
  -29.227  -29.200  -29.147  -29.105  -29.056  -29.032   -8.726   -7.722   -7.634   -7.532
   -7.222   -7.131   -6.970   -6.797    3.160    3.355    3.608    3.864    3.895    4.166
    4.179    4.409    4.763    5.024    5.232    5.353    5.621    5.719    5.973    6.165
    6.258    6.315    6.606    6.735    6.999    7.270    7.373    7.540    7.777    7.828
    8.089    8.171    8.465    8.610    8.738    8.957    9.612    9.870   12.831   13.002
   13.147   13.260   13.912   13.948   15.696   16.610   17.020   18.112   18.673   18.947
   19.826   20.077   20.693   21.337   21.610   22.242   22.472   22.657   23.323   23.879
           -0.000050  0.000000  0.262238
 -113.384  -69.509  -67.725  -67.719  -67.706  -64.841  -64.778  -38.555  -38.547  -38.533
  -29.227  -29.202  -29.146  -29.107  -29.054  -29.032   -8.683   -7.728   -7.672   -7.547
   -7.206   -7.129   -6.968   -6.805    3.166    3.349    3.608    3.871    3.970    4.116
    4.181    4.396    4.780    5.028    5.238    5.350    5.592    5.706    5.971    6.166
    6.258    6.294    6.605    6.763    6.977    7.262    7.393    7.562    7.736    7.821
    8.107    8.149    8.469    8.613    8.744    8.950    9.648    9.892   12.815   13.035
   13.132   13.248   13.854   13.918   15.799   16.608   16.996   18.122   18.730   18.890
   19.796   20.044   20.742   21.355   21.631   22.190   22.462   22.693   23.319   23.931
           -0.000054  0.000000  0.286078
 -113.384  -69.509  -67.725  -67.719  -67.706  -64.841  -64.778  -38.555  -38.547  -38.533
  -29.226  -29.203  -29.144  -29.110  -29.052  -29.032   -8.637   -7.736   -7.714   -7.560
   -7.191   -7.129   -6.964   -6.812    3.162    3.350    3.609    3.865    4.036    4.099
    4.190    4.381    4.798    5.021    5.238    5.347    5.558    5.694    5.970    6.169
    6.250    6.279    6.603    6.778    6.955    7.244    7.428    7.588    7.696    7.822
    8.116    8.130    8.473    8.616    8.756    8.941    9.681    9.912   12.801   13.068
   13.122   13.235   13.790   13.889   15.893   16.612   16.984   18.125   18.777   18.831
   19.773   20.011   20.787   21.386   21.654   22.129   22.420   22.768   23.315   23.980
           -0.000059  0.000000  0.309918
 -113.384  -69.509  -67.725  -67.719  -67.706  -64.841  -64.778  -38.555  -38.547  -38.533
  -29.225  -29.205  -29.143  -29.112  -29.050  -29.033   -8.588   -7.771   -7.733   -7.570
   -7.176   -7.130   -6.958   -6.820    3.150    3.355    3.613    3.848    4.043    4.166
    4.208    4.365    4.816    5.002    5.233    5.344    5.523    5.685    5.971    6.164
    6.222    6.290    6.605    6.784    6.935    7.221    7.471    7.613    7.657    7.832
    8.088    8.147    8.477    8.620    8.769    8.929    9.711    9.929   12.789   13.090
   13.129   13.222   13.728   13.858   15.975   16.623   16.986   18.116   18.774   18.814
   19.757   19.984   20.822   21.433   21.681   22.067   22.366   22.836   23.326   24.029
           -0.000063  0.000000  0.333758
 -113.384  -69.509  -67.725  -67.719  -67.706  -64.841  -64.778  -38.555  -38.547  -38.533
  -29.224  -29.207  -29.141  -29.114  -29.048  -29.033   -8.536   -7.823   -7.739   -7.579
   -7.164   -7.131   -6.952   -6.828    3.136    3.359    3.619    3.826    4.040    4.231
    4.261    4.351    4.833    4.969    5.221    5.343    5.490    5.677    5.971    6.131
    6.205    6.311    6.610    6.789    6.916    7.196    7.514    7.623    7.634    7.851
    8.054    8.164    8.484    8.624    8.784    8.916    9.737    9.944   12.780   13.092
   13.158   13.211   13.668   13.824   16.040   16.638   17.006   18.090   18.727   18.838
   19.745   19.965   20.843   21.496   21.711   22.012   22.309   22.866   23.372   24.078
           -0.000068  0.000000  0.357598
 -113.384  -69.509  -67.725  -67.719  -67.706  -64.841  -64.778  -38.555  -38.547  -38.533
  -29.224  -29.209  -29.140  -29.116  -29.047  -29.033   -8.482   -7.879   -7.743   -7.586
   -7.154   -7.131   -6.946   -6.836    3.121    3.359    3.626    3.805    4.043    4.250
    4.345    4.362    4.849    4.924    5.202    5.348    5.460    5.670    5.970    6.076
    6.203    6.333    6.617    6.797    6.901    7.168    7.533    7.611    7.651    7.877
    8.019    8.179    8.492    8.629    8.796    8.901    9.759    9.956   12.772   13.094
   13.189   13.202   13.615   13.789   16.088   16.654   17.049   18.041   18.698   18.850
   19.735   19.956   20.852   21.568   21.745   21.970   22.253   22.844   23.460   24.129
           -0.000072  0.000000  0.381437
 -113.384  -69.509  -67.725  -67.719  -67.706  -64.841  -64.778  -38.555  -38.547  -38.533
  -29.223  -29.211  -29.138  -29.118  -29.045  -29.033   -8.425   -7.937   -7.746   -7.592
   -7.148   -7.128   -6.941   -6.842    3.109    3.355    3.634    3.789    4.052    4.250
    4.366    4.462    4.860    4.871    5.173    5.361    5.437    5.662    5.965    6.017
    6.207    6.352    6.625    6.808    6.894    7.139    7.515    7.629    7.671    7.903
    7.987    8.191    8.501    8.636    8.804    8.888    9.777    9.965   12.766   13.100
   13.190   13.221   13.570   13.752   16.120   16.667   17.116   17.968   18.688   18.851
   19.725   19.956   20.850   21.637   21.777   21.954   22.201   22.781   23.577   24.183
           -0.000077  0.000000  0.405277
 -113.384  -69.509  -67.725  -67.719  -67.706  -64.841  -64.778  -38.555  -38.547  -38.533
  -29.221  -29.212  -29.137  -29.119  -29.044  -29.034   -8.367   -7.997   -7.749   -7.596
   -7.146   -7.123   -6.936   -6.849    3.098    3.348    3.643    3.777    4.068    4.232
    4.407    4.560    4.809    4.868    5.135    5.381    5.421    5.650    5.943    5.978
    6.212    6.365    6.632    6.814    6.904    7.108    7.487    7.646    7.697    7.911
    7.976    8.197    8.512    8.644    8.802    8.880    9.792    9.973   12.762   13.110
   13.183   13.239   13.540   13.716   16.140   16.677   17.203   17.877   18.694   18.841
   19.718   19.962   20.842   21.693   21.790   21.987   22.156   22.694   23.707   24.241
           -0.000081  0.000000  0.429117
 -113.384  -69.509  -67.725  -67.719  -67.706  -64.841  -64.778  -38.555  -38.547  -38.533
  -29.220  -29.214  -29.136  -29.121  -29.043  -29.034   -8.307   -8.058   -7.751   -7.599
   -7.146   -7.118   -6.932   -6.853    3.091    3.340    3.651    3.768    4.089    4.205
    4.457    4.652    4.748    4.867    5.093    5.405    5.414    5.632    5.902    5.970
    6.217    6.374    6.639    6.813    6.929    7.075    7.462    7.655    7.727    7.890
    7.993    8.200    8.521    8.655    8.792    8.878    9.802    9.978   12.758   13.124
   13.179   13.243   13.527   13.682   16.152   16.682   17.306   17.771   18.713   18.823
   19.712   19.970   20.832   21.732   21.783   22.054   22.131   22.593   23.838   24.251
           -0.000086  0.000000  0.452957
 -113.384  -69.509  -67.725  -67.719  -67.706  -64.841  -64.778  -38.555  -38.547  -38.533
  -29.219  -29.216  -29.135  -29.122  -29.042  -29.034   -8.247   -8.120   -7.752   -7.601
   -7.146   -7.114   -6.929   -6.856    3.087    3.335    3.656    3.762    4.115    4.176
    4.507    4.687    4.739    4.851    5.056    5.404    5.434    5.612    5.874    5.968
    6.221    6.379    6.643    6.809    6.962    7.042    7.446    7.660    7.754    7.863
    8.010    8.200    8.527    8.665    8.779    8.879    9.808    9.981   12.756   13.137
   13.178   13.237   13.528   13.656   16.157   16.684   17.418   17.658   18.738   18.798
   19.708   19.977   20.825   21.756   21.775   22.069   22.185   22.493   23.961   24.170
           -0.000090  0.000000  0.476797
 -113.384  -69.509  -67.725  -67.719  -67.706  -64.841  -64.778  -38.555  -38.547  -38.533
  -29.218  -29.217  -29.135  -29.122  -29.042  -29.034   -8.197   -8.169   -7.752   -7.602
   -7.147   -7.113   -6.928   -6.857    3.086    3.332    3.659    3.760    4.137    4.153
    4.534    4.659    4.789    4.824    5.041    5.403    5.445    5.601    5.865    5.967
    6.223    6.380    6.645    6.808    6.987    7.018    7.440    7.661    7.767    7.850
    8.017    8.199    8.529    8.669    8.773    8.880    9.810    9.982   12.756   13.142
   13.179   13.232   13.531   13.645   16.159   16.685   17.516   17.559   18.761   18.775
   19.707   19.980   20.822   21.763   21.774   22.063   22.236   22.436   24.056   24.090
            0.024910  0.020594  0.477156
 -113.384  -69.509  -67.725  -67.719  -67.706  -64.841  -64.778  -38.555  -38.547  -38.533
  -29.218  -29.217  -29.135  -29.122  -29.042  -29.034   -8.196   -8.168   -7.751   -7.602
   -7.149   -7.115   -6.929   -6.857    3.089    3.337    3.657    3.762    4.123    4.166
    4.532    4.647    4.795    4.839    5.046    5.399    5.443    5.596    5.872    5.955
    6.221    6.373    6.644    6.811    6.984    7.024    7.425    7.647    7.763    7.874
    8.027    8.204    8.529    8.654    8.784    8.880    9.807    9.982   12.754   13.126
   13.190   13.247   13.531   13.645   16.160   16.686   17.513   17.568   18.740   18.786
   19.687   19.990   20.818   21.735   21.790   22.072   22.200   22.498   24.040   24.089
            0.049910  0.041188  0.477515
 -113.384  -69.509  -67.725  -67.719  -67.706  -64.841  -64.779  -38.555  -38.547  -38.533
  -29.218  -29.217  -29.135  -29.122  -29.042  -29.034   -8.192   -8.163   -7.749   -7.603
   -7.156   -7.120   -6.929   -6.857    3.100    3.348    3.653    3.767    4.103    4.184
    4.527    4.619    4.810    4.873    5.061    5.386    5.436    5.585    5.884    5.929
    6.214    6.354    6.643    6.817    6.980    7.037    7.388    7.614    7.773    7.898
    8.065    8.216    8.530    8.625    8.800    8.885    9.798    9.981   12.749   13.100
   13.210   13.280   13.532   13.645   16.161   16.687   17.500   17.595   18.708   18.792
   19.638   20.012   20.806   21.693   21.800   22.056   22.201   22.610   24.000   24.076
            0.074910  0.061783  0.477874
 -113.384  -69.509  -67.725  -67.719  -67.706  -64.841  -64.779  -38.555  -38.547  -38.533
  -29.218  -29.217  -29.135  -29.122  -29.042  -29.034   -8.186   -8.156   -7.745   -7.604
   -7.169   -7.126   -6.930   -6.856    3.117    3.367    3.646    3.775    4.084    4.202
    4.520    4.591    4.828    4.909    5.087    5.364    5.428    5.573    5.853    5.937
    6.200    6.329    6.645    6.816    6.983    7.051    7.347    7.577    7.792    7.899
    8.112    8.244    8.531    8.603    8.800    8.904    9.783    9.979   12.740   13.078
   13.236   13.321   13.534   13.646   16.165   16.689   17.475   17.640   18.673   18.786
   19.576   20.033   20.782   21.638   21.802   22.024   22.276   22.726   23.950   24.038
            0.099910  0.082377  0.478233
 -113.384  -69.509  -67.725  -67.719  -67.706  -64.841  -64.779  -38.555  -38.547  -38.533
  -29.218  -29.217  -29.135  -29.122  -29.042  -29.034   -8.177   -8.145   -7.742   -7.604
   -7.189   -7.133   -6.932   -6.856    3.138    3.392    3.638    3.783    4.069    4.222
    4.509    4.571    4.840    4.940    5.118    5.338    5.425    5.566    5.802    5.962
    6.171    6.308    6.651    6.804    6.990    7.060    7.314    7.542    7.805    7.897
    8.122    8.299    8.523    8.607    8.784    8.935    9.762    9.976   12.729   13.060
   13.264   13.365   13.538   13.648   16.171   16.693   17.437   17.700   18.640   18.771
   19.513   20.046   20.748   21.566   21.799   22.025   22.377   22.827   23.896   23.966
            0.124910  0.102971  0.478592
 -113.384  -69.509  -67.725  -67.719  -67.706  -64.841  -64.779  -38.555  -38.547  -38.533
  -29.218  -29.217  -29.135  -29.122  -29.042  -29.034   -8.166   -8.133   -7.739   -7.603
   -7.212   -7.139   -6.935   -6.855    3.162    3.421    3.630    3.790    4.057    4.246
    4.490    4.563    4.839    4.962    5.146    5.313    5.429    5.562    5.759    5.980
    6.126    6.302    6.659    6.786    6.992    7.065    7.300    7.512    7.802    7.907
    8.097    8.356    8.509    8.645    8.762    8.968    9.735    9.971   12.717   13.049
   13.291   13.409   13.546   13.653   16.176   16.703   17.384   17.773   18.614   18.749
   19.457   20.048   20.706   21.478   21.801   22.057   22.491   22.901   23.804   23.907
            0.149909  0.123565  0.478951
 -113.384  -69.509  -67.725  -67.719  -67.706  -64.841  -64.779  -38.555  -38.547  -38.533
  -29.218  -29.217  -29.135  -29.122  -29.042  -29.034   -8.154   -8.119   -7.738   -7.599
   -7.238   -7.146   -6.939   -6.855    3.186    3.453    3.625    3.795    4.048    4.276
    4.467    4.562    4.824    4.976    5.164    5.292    5.442    5.560    5.744    5.980
    6.077    6.313    6.664    6.773    6.973    7.076    7.304    7.484    7.786    7.927
    8.055    8.391    8.500    8.687    8.752    8.998    9.703    9.964   12.706   13.042
   13.315   13.449   13.559   13.663   16.178   16.722   17.316   17.854   18.595   18.727
   19.412   20.037   20.661   21.384   21.806   22.106   22.605   22.940   23.670   23.902
            0.174909  0.144160  0.479310
 -113.384  -69.509  -67.725  -67.719  -67.706  -64.841  -64.779  -38.555  -38.547  -38.533
  -29.219  -29.217  -29.135  -29.122  -29.042  -29.034   -8.141   -8.103   -7.739   -7.593
   -7.265   -7.153   -6.944   -6.855    3.208    3.485    3.625    3.799    4.038    4.311
    4.445    4.563    4.798    4.978    5.172    5.279    5.448    5.565    5.761    5.948
    6.046    6.337    6.652    6.777    6.936    7.095    7.319    7.459    7.765    7.942
    8.014    8.400    8.503    8.678    8.798    9.022    9.668    9.955   12.699   13.039
   13.334   13.478   13.583   13.677   16.172   16.757   17.238   17.937   18.584   18.710
   19.379   20.016   20.618   21.288   21.813   22.164   22.699   22.949   23.541   23.933
            0.199909  0.164754  0.479669
 -113.384  -69.509  -67.725  -67.719  -67.706  -64.841  -64.779  -38.555  -38.547  -38.533
  -29.219  -29.218  -29.135  -29.122  -29.042  -29.034   -8.128   -8.086   -7.743   -7.585
   -7.290   -7.161   -6.949   -6.857    3.226    3.512    3.637    3.801    4.023    4.338
    4.434    4.561    4.771    4.971    5.174    5.275    5.442    5.586    5.799    5.896
    6.037    6.371    6.624    6.800    6.895    7.116    7.333    7.438    7.745    7.929
    8.002    8.388    8.511    8.652    8.858    9.033    9.634    9.944   12.698   13.037
   13.351   13.492   13.617   13.695   16.154   16.805   17.158   18.015   18.583   18.705
   19.359   19.988   20.580   21.194   21.822   22.223   22.719   22.972   23.442   23.990
            0.224909  0.185348  0.480028
 -113.384  -69.509  -67.725  -67.719  -67.706  -64.841  -64.779  -38.555  -38.547  -38.533
  -29.219  -29.218  -29.135  -29.122  -29.042  -29.034   -8.115   -8.068   -7.748   -7.579
   -7.311   -7.169   -6.955   -6.859    3.239    3.531    3.661    3.804    4.000    4.338
    4.446    4.554    4.754    4.956    5.176    5.272    5.435    5.617    5.815    5.872
    6.040    6.412    6.589    6.819    6.869    7.138    7.331    7.433    7.727    7.895
    8.015    8.367    8.512    8.632    8.906    9.031    9.602    9.931   12.705   13.036
   13.367   13.497   13.653   13.716   16.125   16.849   17.100   18.079   18.596   18.711
   19.350   19.954   20.548   21.102   21.829   22.277   22.647   23.016   23.403   24.058
            0.249909  0.205942  0.480387
 -113.384  -69.509  -67.725  -67.719  -67.706  -64.841  -64.779  -38.555  -38.547  -38.533
  -29.219  -29.218  -29.135  -29.122  -29.042  -29.033   -8.104   -8.050   -7.754   -7.576
   -7.324   -7.176   -6.960   -6.862    3.249    3.543    3.692    3.808    3.968    4.319
    4.459    4.546    4.754    4.943    5.182    5.262    5.432    5.652    5.787    5.894
    6.059    6.451    6.554    6.802    6.889    7.159    7.309    7.448    7.711    7.865
    8.029    8.340    8.500    8.625    8.929    9.019    9.575    9.913   12.719   13.037
   13.381   13.496   13.684   13.742   16.087   16.841   17.113   18.123   18.627   18.728
   19.352   19.921   20.520   21.015   21.836   22.316   22.541   23.024   23.441   24.118
            0.274909  0.226536  0.480746
 -113.384  -69.509  -67.725  -67.719  -67.706  -64.841  -64.779  -38.555  -38.547  -38.533
  -29.219  -29.218  -29.135  -29.122  -29.041  -29.033   -8.093   -8.033   -7.760   -7.578
   -7.329   -7.184   -6.965   -6.867    3.256    3.552    3.719    3.815    3.932    4.296
    4.443    4.545    4.769    4.945    5.189    5.251    5.428    5.684    5.776    5.911
    6.094    6.470    6.538    6.778    6.919    7.178    7.281    7.474    7.701    7.844
    8.038    8.312    8.478    8.626    8.910    9.021    9.552    9.888   12.740   13.038
   13.393   13.494   13.707   13.769   16.044   16.780   17.199   18.149   18.666   18.761
   19.366   19.892   20.496   20.931   21.837   22.304   22.468   22.999   23.529   24.154
            0.299909  0.247131  0.481105
 -113.384  -69.509  -67.725  -67.719  -67.706  -64.841  -64.779  -38.555  -38.547  -38.533
  -29.219  -29.218  -29.135  -29.122  -29.041  -29.033   -8.085   -8.017   -7.765   -7.585
   -7.327   -7.191   -6.970   -6.872    3.263    3.559    3.730    3.823    3.902    4.276
    4.405    4.541    4.795    4.967    5.186    5.250    5.419    5.709    5.789    5.928
    6.134    6.451    6.556    6.760    6.940    7.188    7.269    7.503    7.699    7.833
    8.041    8.283    8.454    8.627    8.857    9.035    9.530    9.854   12.768   13.042
   13.403   13.492   13.724   13.793   16.000   16.703   17.315   18.163   18.691   18.818
   19.391   19.870   20.474   20.852   21.829   22.213   22.470   22.970   23.624   24.160
            0.324909  0.267725  0.481464
 -113.384  -69.509  -67.725  -67.719  -67.706  -64.841  -64.779  -38.555  -38.547  -38.533
  -29.219  -29.218  -29.136  -29.122  -29.041  -29.033   -8.077   -8.004   -7.769   -7.595
   -7.319   -7.196   -6.973   -6.879    3.270    3.563    3.722    3.819    3.897    4.253
    4.361    4.527    4.828    5.003    5.173    5.262    5.407    5.723    5.819    5.958
    6.174    6.426    6.573    6.747    6.943    7.182    7.286    7.531    7.709    7.831
    8.037    8.258    8.432    8.616    8.800    9.049    9.506    9.808   12.799   13.049
   13.407   13.490   13.739   13.812   15.960   16.627   17.444   18.172   18.695   18.892
   19.429   19.858   20.454   20.778   21.802   22.112   22.493   22.953   23.695   24.152
            0.349909  0.288319  0.481823
 -113.384  -69.509  -67.725  -67.719  -67.706  -64.841  -64.779  -38.555  -38.547  -38.533
  -29.220  -29.218  -29.136  -29.122  -29.041  -29.033   -8.072   -7.994   -7.772   -7.604
   -7.308   -7.201   -6.974   -6.887    3.280    3.562    3.700    3.812    3.908    4.218
    4.328    4.508    4.864    5.041    5.162    5.275    5.400    5.725    5.859    6.002
    6.211    6.407    6.577    6.737    6.926    7.173    7.319    7.556    7.725    7.841
    8.032    8.240    8.411    8.581    8.760    9.061    9.480    9.751   12.832   13.059
   13.407   13.489   13.752   13.825   15.926   16.556   17.576   18.181   18.684   18.968
   19.476   19.860   20.435   20.710   21.749   22.030   22.518   22.956   23.717   24.135
            0.374909  0.308913  0.482182
 -113.384  -69.509  -67.725  -67.719  -67.706  -64.841  -64.779  -38.555  -38.547  -38.533
  -29.220  -29.218  -29.136  -29.122  -29.041  -29.033   -8.068   -7.986   -7.776   -7.610
   -7.297   -7.204   -6.974   -6.895    3.291    3.553    3.678    3.807    3.918    4.170
    4.313    4.485    4.899    5.070    5.162    5.279    5.406    5.721    5.900    6.052
    6.248    6.398    6.568    6.731    6.894    7.165    7.359    7.574    7.734    7.863
    8.037    8.230    8.390    8.527    8.740    9.073    9.452    9.682   12.863   13.070
   13.402   13.490   13.765   13.831   15.901   16.492   17.707   18.192   18.658   19.039
   19.525   19.879   20.418   20.650   21.679   21.959   22.546   22.981   23.688   24.057
            0.399909  0.329507  0.482541
 -113.384  -69.509  -67.725  -67.719  -67.706  -64.841  -64.779  -38.555  -38.547  -38.533
  -29.220  -29.219  -29.136  -29.122  -29.041  -29.033   -8.065   -7.980   -7.781   -7.613
   -7.288   -7.205   -6.973   -6.903    3.303    3.536    3.666    3.803    3.921    4.120
    4.311    4.461    4.929    5.089    5.178    5.275    5.420    5.720    5.936    6.100
    6.282    6.402    6.551    6.730    6.853    7.155    7.396    7.584    7.729    7.880
    8.069    8.232    8.361    8.480    8.728    9.084    9.423    9.605   12.891   13.082
   13.392   13.495   13.776   13.831   15.884   16.437   17.831   18.206   18.619   19.100
   19.567   19.915   20.404   20.599   21.610   21.886   22.582   23.024   23.632   23.934
            0.424909  0.350102  0.482900
 -113.384  -69.509  -67.725  -67.719  -67.706  -64.841  -64.779  -38.555  -38.547  -38.533
  -29.220  -29.219  -29.136  -29.122  -29.041  -29.033   -8.064   -7.976   -7.785   -7.613
   -7.282   -7.206   -6.970   -6.911    3.314    3.518    3.663    3.798    3.916    4.079
    4.316    4.438    4.948    5.105    5.200    5.269    5.432    5.725    5.962    6.139
    6.307    6.424    6.532    6.734    6.812    7.143    7.427    7.588    7.715    7.884
    8.114    8.250    8.330    8.452    8.716    9.095    9.395    9.527   12.915   13.092
   13.380   13.503   13.784   13.828   15.876   16.392   17.942   18.226   18.568   19.151
   19.596   19.963   20.395   20.558   21.557   21.804   22.626   23.083   23.570   23.801
            0.449909  0.370696  0.483259
 -113.384  -69.509  -67.725  -67.719  -67.706  -64.841  -64.779  -38.555  -38.547  -38.533
  -29.220  -29.219  -29.136  -29.122  -29.041  -29.033   -8.063   -7.974   -7.790   -7.611
   -7.278   -7.205   -6.967   -6.918    3.322    3.506    3.663    3.790    3.907    4.051
    4.322    4.418    4.958    5.122    5.216    5.269    5.436    5.736    5.980    6.164
    6.316    6.458    6.520    6.736    6.781    7.130    7.448    7.588    7.698    7.883
    8.146    8.249    8.348    8.438    8.699    9.105    9.371    9.458   12.934   13.098
   13.370   13.514   13.788   13.825   15.872   16.358   18.031   18.256   18.508   19.189
   19.612   20.009   20.392   20.530   21.530   21.717   22.671   23.153   23.514   23.670
            0.474909  0.391290  0.483617
 -113.384  -69.509  -67.725  -67.719  -67.706  -64.841  -64.779  -38.555  -38.547  -38.533
  -29.220  -29.219  -29.136  -29.122  -29.041  -29.032   -8.063   -7.973   -7.793   -7.610
   -7.276   -7.204   -6.964   -6.923    3.326    3.501    3.664    3.782    3.901    4.036
    4.329    4.403    4.962    5.135    5.219    5.279    5.433    5.748    5.990    6.177
    6.317    6.486    6.518    6.727    6.771    7.119    7.458    7.586    7.684    7.882
    8.168    8.221    8.404    8.432    8.679    9.111    9.354    9.410   12.947   13.101
   13.362   13.522   13.788   13.823   15.872   16.336   18.086   18.305   18.441   19.213
   19.620   20.040   20.394   20.513   21.534   21.637   22.706   23.229   23.469   23.561
            0.499909  0.411884  0.483976
 -113.384  -69.509  -67.725  -67.719  -67.706  -64.841  -64.779  -38.555  -38.547  -38.533
  -29.220  -29.219  -29.136  -29.122  -29.041  -29.032   -8.062   -7.972   -7.794   -7.609
   -7.275   -7.204   -6.963   -6.925    3.328    3.500    3.665    3.778    3.898    4.031
    4.333    4.397    4.963    5.140    5.219    5.285    5.430    5.753    5.994    6.181
    6.317    6.496    6.518    6.721    6.771    7.115    7.461    7.585    7.679    7.882
    8.181    8.203    8.427    8.434    8.668    9.113    9.348    9.392   12.951   13.101
   13.360   13.525   13.788   13.823   15.872   16.329   18.103   18.368   18.372   19.221
   19.623   20.050   20.395   20.507   21.562   21.581   22.719   23.274   23.441   23.517
