 &plot nbnd=  80, nks=   101 /
            0.000000  0.000000  0.000000
  -76.625  -68.264  -63.813  -63.791  -44.026  -42.434  -42.300  -37.330  -37.318  -37.301
  -28.290  -28.234  -28.206  -28.129  -28.123  -28.063   -8.294   -6.967   -6.711   -6.687
   -6.604   -6.373   -6.142   -5.911    3.628    3.677    3.871    4.139    4.201    4.464
    4.820    4.961    5.269    5.674    5.724    6.526    6.622    6.626    6.995    7.143
    7.199    7.366    7.549    7.851    7.964    8.249    8.400    8.529    8.767    9.043
    9.291    9.396    9.531    9.615    9.910    9.959   10.399   11.212   13.718   14.171
   14.361   14.405   15.078   15.587   16.642   17.905   19.079   19.423   19.537   21.415
   21.670   22.031   22.208   22.886   23.243   23.782   24.568   24.697   24.849   25.165
            0.000000  0.020352  0.000000
  -76.625  -68.264  -63.813  -63.791  -44.026  -42.434  -42.300  -37.330  -37.318  -37.301
  -28.290  -28.234  -28.206  -28.129  -28.123  -28.063   -8.292   -6.967   -6.714   -6.687
   -6.603   -6.372   -6.142   -5.911    3.630    3.679    3.873    4.140    4.201    4.466
    4.823    4.960    5.270    5.673    5.721    6.509    6.622    6.636    6.979    7.140
    7.196    7.383    7.548    7.856    7.962    8.250    8.395    8.534    8.767    9.042
    9.289    9.392    9.532    9.618    9.897    9.973   10.402   11.211   13.719   14.173
   14.323   14.441   15.078   15.585   16.649   17.906   19.068   19.422   19.542   21.416
   21.650   22.039   22.223   22.889   23.244   23.779   24.569   24.694   24.845   25.165
            0.000000  0.040705  0.000000
  -76.625  -68.264  -63.813  -63.791  -44.026  -42.434  -42.300  -37.330  -37.318  -37.301
  -28.290  -28.234  -28.206  -28.129  -28.123  -28.063   -8.288   -6.968   -6.721   -6.687
   -6.603   -6.370   -6.142   -5.911    3.634    3.684    3.880    4.143    4.201    4.472
    4.829    4.959    5.274    5.669    5.712    6.471    6.620    6.654    6.938    7.134
    7.192    7.423    7.547    7.871    7.956    8.253    8.382    8.546    8.768    9.040
    9.282    9.381    9.533    9.626    9.873    9.999   10.411   11.211   13.723   14.178
   14.269   14.490   15.077   15.580   16.669   17.908   19.039   19.419   19.558   21.418
   21.596   22.062   22.259   22.901   23.248   23.769   24.573   24.684   24.835   25.168
            0.000000  0.061057  0.000000
  -76.625  -68.264  -63.813  -63.791  -44.026  -42.434  -42.300  -37.330  -37.318  -37.301
  -28.290  -28.234  -28.206  -28.129  -28.123  -28.063   -8.281   -6.969   -6.732   -6.688
   -6.602   -6.368   -6.143   -5.912    3.642    3.693    3.891    4.147    4.201    4.482
    4.840    4.958    5.280    5.661    5.697    6.423    6.614    6.670    6.883    7.123
    7.194    7.471    7.543    7.895    7.946    8.258    8.364    8.559    8.771    9.037
    9.273    9.364    9.535    9.640    9.848   10.027   10.427   11.211   13.729   14.187
   14.214   14.537   15.076   15.571   16.703   17.912   18.995   19.415   19.579   21.422
   21.519   22.099   22.307   22.920   23.256   23.753   24.579   24.668   24.817   25.172
            0.000000  0.081410  0.000000
  -76.625  -68.264  -63.813  -63.791  -44.026  -42.434  -42.300  -37.330  -37.318  -37.301
  -28.290  -28.234  -28.206  -28.129  -28.123  -28.063   -8.271   -6.972   -6.745   -6.688
   -6.600   -6.365   -6.145   -5.913    3.652    3.706    3.906    4.152    4.200    4.496
    4.854    4.955    5.288    5.651    5.677    6.370    6.600    6.678    6.828    7.109
    7.200    7.519    7.539    7.926    7.935    8.266    8.343    8.566    8.778    9.033
    9.264    9.343    9.537    9.659    9.822   10.055   10.447   11.211   13.738   14.158
   14.200   14.580   15.075   15.558   16.750   17.917   18.941   19.408   19.602   21.430
   21.432   22.148   22.354   22.945   23.268   23.732   24.587   24.644   24.792   25.179
            0.000000  0.101762  0.000000
  -76.625  -68.264  -63.813  -63.791  -44.026  -42.434  -42.300  -37.330  -37.318  -37.301
  -28.289  -28.234  -28.206  -28.129  -28.124  -28.063   -8.259   -6.977   -6.760   -6.688
   -6.598   -6.363   -6.147   -5.914    3.666    3.722    3.926    4.158    4.200    4.514
    4.871    4.952    5.298    5.639    5.653    6.313    6.571    6.680    6.787    7.091
    7.209    7.533    7.564    7.923    7.963    8.277    8.317    8.565    8.789    9.027
    9.259    9.320    9.538    9.680    9.796   10.083   10.473   11.211   13.749   14.103
   14.216   14.618   15.075   15.542   16.808   17.923   18.880   19.399   19.623   21.333
   21.448   22.207   22.397   22.976   23.286   23.707   24.596   24.612   24.760   25.189
            0.000000  0.122115  0.000000
  -76.625  -68.264  -63.813  -63.791  -44.026  -42.434  -42.300  -37.330  -37.318  -37.301
  -28.289  -28.234  -28.206  -28.129  -28.124  -28.063   -8.244   -6.986   -6.773   -6.688
   -6.596   -6.361   -6.149   -5.915    3.682    3.741    3.949    4.165    4.200    4.535
    4.890    4.948    5.309    5.623    5.625    6.254    6.522    6.674    6.768    7.070
    7.219    7.526    7.605    7.912    8.001    8.287    8.291    8.558    8.798    9.019
    9.262    9.298    9.538    9.704    9.769   10.108   10.501   11.211   13.762   14.049
   14.236   14.650   15.078   15.523   16.878   17.930   18.814   19.387   19.642   21.232
   21.472   22.273   22.431   23.008   23.314   23.679   24.569   24.606   24.723   25.203
            0.000000  0.142467  0.000000
  -76.625  -68.264  -63.813  -63.791  -44.026  -42.434  -42.300  -37.330  -37.318  -37.301
  -28.289  -28.233  -28.206  -28.129  -28.124  -28.063   -8.227   -6.999   -6.784   -6.688
   -6.593   -6.360   -6.151   -5.916    3.702    3.763    3.976    4.173    4.199    4.559
    4.910    4.944    5.320    5.596    5.604    6.195    6.459    6.662    6.766    7.045
    7.229    7.519    7.642    7.901    8.038    8.252    8.309    8.546    8.803    9.010
    9.275    9.278    9.537    9.728    9.744   10.132   10.533   11.211   13.775   13.999
   14.260   14.674   15.083   15.500   16.958   17.938   18.746   19.372   19.656   21.130
   21.506   22.346   22.458   23.038   23.354   23.649   24.512   24.617   24.683   25.220
            0.000000  0.162820  0.000000
  -76.625  -68.264  -63.813  -63.791  -44.026  -42.434  -42.300  -37.330  -37.318  -37.301
  -28.289  -28.233  -28.206  -28.129  -28.125  -28.063   -8.207   -7.018   -6.792   -6.689
   -6.590   -6.360   -6.154   -5.917    3.724    3.788    4.006    4.181    4.199    4.586
    4.930    4.938    5.328    5.568    5.582    6.138    6.390    6.646    6.777    7.016
    7.239    7.511    7.678    7.889    8.071    8.213    8.330    8.534    8.802    9.000
    9.262    9.298    9.535    9.718    9.753   10.153   10.566   11.211   13.787   13.955
   14.286   14.689   15.093   15.475   17.047   17.947   18.677   19.353   19.665   21.028
   21.551   22.423   22.476   23.061   23.405   23.621   24.441   24.627   24.641   25.239
            0.000000  0.183172  0.000000
  -76.625  -68.264  -63.813  -63.791  -44.026  -42.434  -42.300  -37.330  -37.318  -37.301
  -28.289  -28.233  -28.206  -28.129  -28.125  -28.064   -8.185   -7.042   -6.795   -6.689
   -6.587   -6.361   -6.156   -5.918    3.750    3.815    4.038    4.190    4.199    4.615
    4.933    4.949    5.331    5.544    5.558    6.085    6.321    6.626    6.794    6.983
    7.247    7.503    7.710    7.874    8.100    8.170    8.351    8.521    8.794    8.989
    9.249    9.331    9.532    9.695    9.777   10.171   10.601   11.212   13.790   13.923
   14.316   14.695   15.107   15.446   17.144   17.956   18.609   19.329   19.669   20.929
   21.605   22.488   22.503   23.078   23.463   23.599   24.356   24.599   24.637   25.258
            0.000000  0.203525  0.000000
  -76.625  -68.264  -63.813  -63.791  -44.026  -42.434  -42.300  -37.330  -37.318  -37.301
  -28.289  -28.233  -28.206  -28.130  -28.125  -28.064   -8.162   -7.071   -6.794   -6.689
   -6.584   -6.364   -6.159   -5.920    3.778    3.845    4.072    4.199    4.200    4.644
    4.926    4.964    5.327    5.526    5.530    6.038    6.255    6.605    6.818    6.947
    7.254    7.494    7.741    7.856    8.125    8.127    8.372    8.509    8.782    8.978
    9.242    9.370    9.527    9.673    9.800   10.186   10.637   11.213   13.777   13.913
   14.348   14.693   15.124   15.415   17.247   17.966   18.542   19.299   19.670   20.834
   21.670   22.494   22.586   23.088   23.504   23.606   24.258   24.555   24.647   25.274
            0.000000  0.223877  0.000000
  -76.625  -68.264  -63.813  -63.791  -44.026  -42.434  -42.300  -37.330  -37.318  -37.301
  -28.289  -28.232  -28.206  -28.130  -28.126  -28.064   -8.137   -7.103   -6.790   -6.689
   -6.581   -6.367   -6.162   -5.921    3.808    3.876    4.106    4.199    4.213    4.673
    4.920    4.973    5.317    5.500    5.513    6.000    6.193    6.584    6.845    6.911
    7.258    7.482    7.768    7.831    8.088    8.147    8.389    8.498    8.768    8.967
    9.239    9.413    9.521    9.654    9.822   10.198   10.672   11.214   13.748   13.922
   14.383   14.683   15.144   15.381   17.356   17.975   18.478   19.264   19.667   20.744
   21.744   22.496   22.669   23.092   23.505   23.665   24.152   24.510   24.655   25.282
            0.000000  0.244229  0.000000
  -76.625  -68.264  -63.813  -63.791  -44.026  -42.434  -42.300  -37.330  -37.318  -37.301
  -28.289  -28.232  -28.206  -28.130  -28.126  -28.064   -8.112   -7.138   -6.784   -6.690
   -6.578   -6.372   -6.165   -5.922    3.840    3.908    4.138    4.199    4.230    4.700
    4.912    4.975    5.305    5.469    5.503    5.973    6.138    6.562    6.874    6.875
    7.261    7.465    7.791    7.801    8.055    8.169    8.402    8.489    8.754    8.955
    9.241    9.456    9.514    9.639    9.842   10.207   10.706   11.215   13.713   13.942
   14.420   14.668   15.166   15.346   17.468   17.985   18.418   19.221   19.662   20.662
   21.827   22.496   22.751   23.092   23.491   23.747   24.037   24.462   24.663   25.278
            0.000000  0.264582  0.000000
  -76.625  -68.264  -63.813  -63.791  -44.026  -42.434  -42.300  -37.330  -37.318  -37.301
  -28.289  -28.232  -28.206  -28.130  -28.126  -28.064   -8.085   -7.173   -6.777   -6.690
   -6.575   -6.377   -6.168   -5.923    3.874    3.940    4.163    4.199    4.255    4.723
    4.905    4.966    5.294    5.436    5.493    5.959    6.089    6.543    6.841    6.906
    7.261    7.440    7.767    7.810    8.030    8.191    8.410    8.480    8.740    8.942
    9.247    9.498    9.507    9.626    9.859   10.213   10.738   11.217   13.678   13.967
   14.458   14.649   15.187   15.308   17.583   17.995   18.363   19.170   19.654   20.587
   21.918   22.493   22.830   23.087   23.477   23.837   23.919   24.414   24.671   25.258
            0.000000  0.284934  0.000000
  -76.625  -68.264  -63.813  -63.791  -44.026  -42.434  -42.300  -37.330  -37.318  -37.301
  -28.289  -28.231  -28.206  -28.130  -28.127  -28.064   -8.059   -7.207   -6.768   -6.690
   -6.573   -6.383   -6.171   -5.925    3.907    3.971    4.181    4.199    4.287    4.741
    4.897    4.950    5.284    5.402    5.486    5.953    6.048    6.527    6.813    6.939
    7.258    7.405    7.735    7.824    8.012    8.214    8.414    8.473    8.728    8.927
    9.255    9.502    9.538    9.617    9.875   10.217   10.768   11.218   13.646   13.994
   14.498   14.627   15.207   15.271   17.697   18.006   18.313   19.111   19.646   20.521
   22.015   22.488   22.904   23.080   23.466   23.800   23.929   24.364   24.677   25.220
            0.000000  0.305287  0.000000
  -76.625  -68.264  -63.813  -63.791  -44.026  -42.434  -42.300  -37.330  -37.318  -37.301
  -28.289  -28.231  -28.206  -28.130  -28.127  -28.064   -8.034   -7.240   -6.760   -6.690
   -6.570   -6.389   -6.173   -5.926    3.940    4.001    4.193    4.199    4.324    4.752
    4.889    4.928    5.271    5.371    5.486    5.952    6.014    6.515    6.791    6.972
    7.253    7.359    7.708    7.833    8.000    8.238    8.415    8.467    8.718    8.911
    9.263    9.498    9.572    9.611    9.889   10.220   10.794   11.219   13.617   14.020
   14.537   14.604   15.225   15.233   17.808   18.020   18.270   19.045   19.638   20.466
   22.117   22.483   22.968   23.071   23.459   23.685   24.022   24.316   24.684   25.168
            0.000000  0.325639  0.000000
  -76.625  -68.264  -63.813  -63.791  -44.026  -42.434  -42.300  -37.330  -37.318  -37.301
  -28.289  -28.231  -28.206  -28.130  -28.127  -28.064   -8.011   -7.270   -6.753   -6.690
   -6.568   -6.394   -6.175   -5.926    3.970    4.029    4.200    4.202    4.362    4.756
    4.882    4.905    5.253    5.342    5.497    5.950    5.986    6.510    6.778    7.004
    7.246    7.306    7.689    7.838    7.991    8.263    8.414    8.463    8.709    8.896
    9.270    9.496    9.602    9.607    9.900   10.220   10.816   11.220   13.592   14.046
   14.574   14.582   15.196   15.241   17.905   18.044   18.233   18.972   19.631   20.420
   22.222   22.479   23.016   23.062   23.454   23.580   24.113   24.269   24.692   25.103
            0.000000  0.345992  0.000000
  -76.625  -68.264  -63.813  -63.791  -44.026  -42.434  -42.300  -37.330  -37.318  -37.301
  -28.288  -28.231  -28.206  -28.130  -28.127  -28.064   -7.991   -7.295   -6.746   -6.690
   -6.566   -6.399   -6.177   -5.927    3.997    4.052    4.200    4.209    4.397    4.752
    4.876    4.885    5.233    5.317    5.515    5.944    5.966    6.510    6.774    7.034
    7.236    7.250    7.676    7.840    7.985    8.286    8.411    8.459    8.703    8.881
    9.276    9.497    9.605    9.626    9.909   10.220   10.835   11.221   13.572   14.069
   14.561   14.608   15.163   15.254   17.965   18.097   18.204   18.897   19.624   20.386
   22.325   22.474   23.038   23.054   23.451   23.497   24.197   24.227   24.700   25.032
            0.000000  0.366344  0.000000
  -76.625  -68.264  -63.813  -63.791  -44.026  -42.434  -42.300  -37.330  -37.318  -37.301
  -28.288  -28.231  -28.206  -28.130  -28.128  -28.064   -7.976   -7.315   -6.741   -6.690
   -6.565   -6.403   -6.178   -5.927    4.018    4.069    4.200    4.215    4.426    4.746
    4.870    4.871    5.214    5.298    5.535    5.935    5.951    6.513    6.778    7.059
    7.198    7.226    7.668    7.841    7.981    8.305    8.407    8.457    8.699    8.868
    9.279    9.498    9.603    9.643    9.915   10.220   10.848   11.222   13.558   14.087
   14.544   14.636   15.136   15.263   17.988   18.174   18.183   18.824   19.619   20.361
   22.421   22.471   23.029   23.047   23.446   23.450   24.193   24.269   24.712   24.962
            0.000000  0.386697  0.000000
  -76.625  -68.264  -63.813  -63.791  -44.026  -42.434  -42.300  -37.330  -37.318  -37.301
  -28.288  -28.231  -28.206  -28.130  -28.128  -28.064   -7.966   -7.327   -6.738   -6.690
   -6.564   -6.405   -6.179   -5.928    4.031    4.080    4.201    4.218    4.445    4.739
    4.861    4.867    5.202    5.287    5.551    5.927    5.943    6.516    6.785    7.077
    7.161    7.217    7.664    7.840    7.979    8.319    8.403    8.455    8.696    8.860
    9.281    9.499    9.603    9.653    9.919   10.219   10.856   11.222   13.549   14.099
   14.533   14.655   15.118   15.268   17.997   18.170   18.240   18.766   19.616   20.346
   22.469   22.495   22.999   23.043   23.424   23.449   24.170   24.320   24.726   24.905
            0.000000  0.407049  0.000000
  -76.625  -68.264  -63.813  -63.791  -44.026  -42.434  -42.300  -37.330  -37.318  -37.301
  -28.288  -28.231  -28.206  -28.130  -28.128  -28.064   -7.962   -7.331   -6.736   -6.690
   -6.564   -6.406   -6.179   -5.928    4.035    4.084    4.201    4.220    4.452    4.737
    4.858    4.866    5.197    5.283    5.557    5.923    5.940    6.517    6.789    7.084
    7.147    7.214    7.662    7.840    7.979    8.325    8.402    8.455    8.695    8.857
    9.282    9.500    9.603    9.657    9.921   10.219   10.859   11.222   13.546   14.103
   14.529   14.662   15.112   15.270   17.999   18.166   18.266   18.742   19.615   20.341
   22.468   22.524   22.982   23.041   23.420   23.449   24.163   24.339   24.735   24.880
            0.025000  0.407049  0.000266
  -76.625  -68.264  -63.813  -63.791  -44.026  -42.434  -42.300  -37.330  -37.318  -37.301
  -28.288  -28.231  -28.206  -28.130  -28.128  -28.064   -7.961   -7.331   -6.739   -6.689
   -6.567   -6.404   -6.178   -5.929    4.024    4.091    4.192    4.231    4.456    4.728
    4.831    4.895    5.181    5.295    5.566    5.924    5.940    6.522    6.784    7.088
    7.149    7.218    7.660    7.836    7.985    8.315    8.396    8.453    8.705    8.859
    9.280    9.497    9.580    9.676    9.923   10.217   10.861   11.219   13.547   14.102
   14.530   14.664   15.104   15.274   18.002   18.166   18.276   18.731   19.625   20.342
   22.411   22.571   22.950   23.051   23.418   23.464   24.171   24.342   24.737   24.886
            0.050000  0.407049  0.000533
  -76.625  -68.264  -63.813  -63.791  -44.026  -42.434  -42.300  -37.330  -37.318  -37.301
  -28.288  -28.231  -28.206  -28.130  -28.128  -28.064   -7.958   -7.329   -6.746   -6.686
   -6.575   -6.396   -6.175   -5.934    4.000    4.103    4.176    4.252    4.466    4.697
    4.817    4.923    5.149    5.320    5.591    5.926    5.942    6.534    6.773    7.100
    7.151    7.233    7.655    7.825    8.002    8.291    8.378    8.447    8.732    8.862
    9.276    9.489    9.540    9.705    9.929   10.210   10.870   11.209   13.550   14.102
   14.532   14.672   15.082   15.284   18.009   18.169   18.304   18.699   19.655   20.343
   22.326   22.622   22.887   23.059   23.414   23.496   24.199   24.349   24.742   24.904
            0.075000  0.407049  0.000799
  -76.625  -68.264  -63.813  -63.791  -44.026  -42.434  -42.300  -37.330  -37.318  -37.301
  -28.288  -28.230  -28.206  -28.130  -28.128  -28.064   -7.952   -7.327   -6.756   -6.681
   -6.586   -6.385   -6.171   -5.941    3.972    4.116    4.156    4.276    4.481    4.648
    4.820    4.941    5.119    5.348    5.623    5.924    5.954    6.545    6.763    7.118
    7.146    7.264    7.651    7.811    8.023    8.260    8.352    8.436    8.767    8.866
    9.268    9.477    9.501    9.728    9.939   10.200   10.882   11.194   13.555   14.101
   14.532   14.686   15.052   15.296   18.022   18.177   18.347   18.650   19.699   20.345
   22.234   22.637   22.832   23.061   23.410   23.529   24.244   24.360   24.751   24.934
            0.100000  0.407049  0.001065
  -76.625  -68.264  -63.813  -63.791  -44.026  -42.434  -42.300  -37.330  -37.318  -37.301
  -28.288  -28.230  -28.207  -28.130  -28.128  -28.064   -7.944   -7.324   -6.770   -6.675
   -6.600   -6.371   -6.165   -5.951    3.942    4.123    4.140    4.298    4.498    4.595
    4.827    4.948    5.102    5.377    5.652    5.918    5.980    6.545    6.764    7.131
    7.143    7.307    7.653    7.793    8.041    8.228    8.321    8.417    8.801    8.873
    9.255    9.463    9.467    9.743    9.953   10.188   10.898   11.173   13.563   14.099
   14.528   14.709   15.017   15.305   18.040   18.192   18.401   18.590   19.754   20.347
   22.140   22.591   22.818   23.058   23.406   23.552   24.306   24.377   24.762   24.976
            0.125000  0.407049  0.001331
  -76.625  -68.264  -63.813  -63.791  -44.026  -42.434  -42.300  -37.330  -37.318  -37.301
  -28.288  -28.230  -28.207  -28.130  -28.128  -28.064   -7.935   -7.320   -6.785   -6.669
   -6.614   -6.356   -6.158   -5.963    3.911    4.105    4.148    4.308    4.516    4.552
    4.829    4.951    5.103    5.409    5.675    5.911    6.019    6.527    6.780    7.110
    7.172    7.358    7.666    7.773    8.051    8.193    8.295    8.392    8.822    8.888
    9.236    9.437    9.455    9.750    9.968   10.175   10.916   11.147   13.572   14.098
   14.521   14.739   14.980   15.311   18.062   18.213   18.466   18.524   19.814   20.351
   22.045   22.503   22.829   23.052   23.404   23.561   24.379   24.399   24.774   25.031
            0.150000  0.407049  0.001598
  -76.625  -68.264  -63.813  -63.791  -44.026  -42.434  -42.300  -37.330  -37.318  -37.301
  -28.288  -28.230  -28.207  -28.130  -28.128  -28.064   -7.923   -7.315   -6.803   -6.663
   -6.629   -6.341   -6.150   -5.977    3.881    4.081    4.161    4.296    4.527    4.538
    4.816    4.966    5.117    5.443    5.690    5.903    6.070    6.496    6.800    7.091
    7.199    7.414    7.693    7.751    8.056    8.150    8.282    8.358    8.825    8.910
    9.213    9.413    9.454    9.752    9.981   10.164   10.933   11.117   13.585   14.096
   14.509   14.775   14.941   15.313   18.088   18.241   18.453   18.542   19.878   20.356
   21.949   22.400   22.838   23.044   23.406   23.556   24.422   24.458   24.784   25.098
            0.175000  0.407049  0.001864
  -76.625  -68.264  -63.813  -63.791  -44.026  -42.434  -42.300  -37.330  -37.318  -37.301
  -28.288  -28.230  -28.207  -28.131  -28.127  -28.064   -7.910   -7.309   -6.822   -6.661
   -6.639   -6.325   -6.142   -5.994    3.851    4.057    4.169    4.266    4.520    4.561
    4.795    4.994    5.139    5.479    5.702    5.896    6.126    6.458    6.810    7.082
    7.216    7.478    7.724    7.736    8.060    8.097    8.280    8.317    8.817    8.928
    9.190    9.390    9.465    9.750    9.989   10.157   10.948   11.083   13.600   14.094
   14.494   14.816   14.904   15.310   18.116   18.272   18.384   18.626   19.941   20.363
   21.855   22.294   22.838   23.034   23.416   23.540   24.450   24.532   24.788   25.175
            0.200000  0.407049  0.002130
  -76.625  -68.264  -63.813  -63.791  -44.026  -42.434  -42.300  -37.330  -37.318  -37.301
  -28.288  -28.230  -28.207  -28.131  -28.127  -28.064   -7.895   -7.302   -6.842   -6.669
   -6.638   -6.310   -6.134   -6.012    3.822    4.033    4.152    4.249    4.511    4.591
    4.777    5.032    5.166    5.517    5.713    5.889    6.181    6.423    6.798    7.091
    7.220    7.548    7.707    7.777    8.030    8.078    8.266    8.285    8.804    8.935
    9.171    9.370    9.485    9.746    9.988   10.157   10.958   11.047   13.618   14.093
   14.475   14.856   14.872   15.302   18.145   18.284   18.342   18.716   20.004   20.371
   21.763   22.187   22.827   23.023   23.434   23.514   24.482   24.595   24.778   25.261
            0.225000  0.407049  0.002397
  -76.625  -68.264  -63.813  -63.791  -44.026  -42.434  -42.300  -37.330  -37.318  -37.301
  -28.288  -28.230  -28.207  -28.131  -28.127  -28.064   -7.880   -7.294   -6.864   -6.683
   -6.630   -6.295   -6.126   -6.031    3.794    4.008    4.109    4.256    4.493    4.624
    4.771    5.075    5.197    5.553    5.728    5.883    6.228    6.397    6.766    7.115
    7.212    7.600    7.710    7.815    7.970    8.104    8.208    8.290    8.789    8.930
    9.156    9.352    9.514    9.742    9.978   10.163   10.958   11.013   13.638   14.092
   14.453   14.834   14.906   15.289   18.168   18.239   18.371   18.813   20.064   20.382
   21.674   22.080   22.806   23.011   23.462   23.482   24.515   24.635   24.756   25.353
            0.249999  0.407049  0.002663
  -76.625  -68.264  -63.813  -63.791  -44.026  -42.434  -42.300  -37.330  -37.318  -37.301
  -28.288  -28.230  -28.208  -28.131  -28.127  -28.065   -7.863   -7.285   -6.886   -6.697
   -6.622   -6.281   -6.119   -6.051    3.768    3.981    4.061    4.272    4.466    4.658
    4.777    5.119    5.232    5.586    5.751    5.879    6.256    6.390    6.724    7.139
    7.202    7.600    7.766    7.820    7.935    8.131    8.158    8.300    8.774    8.917
    9.141    9.339    9.548    9.738    9.961   10.174   10.938   10.992   13.661   14.092
   14.430   14.806   14.951   15.272   18.144   18.231   18.417   18.913   20.121   20.397
   21.589   21.974   22.775   22.998   23.442   23.504   24.549   24.625   24.747   25.448
            0.274999  0.407049  0.002929
  -76.625  -68.264  -63.813  -63.791  -44.026  -42.434  -42.300  -37.330  -37.318  -37.301
  -28.288  -28.230  -28.208  -28.131  -28.127  -28.065   -7.847   -7.276   -6.908   -6.711
   -6.613   -6.268   -6.112   -6.071    3.743    3.948    4.022    4.288    4.436    4.689
    4.793    5.161    5.271    5.613    5.783    5.876    6.263    6.401    6.681    7.137
    7.213    7.572    7.768    7.840    7.944    8.078    8.198    8.323    8.759    8.901
    9.121    9.332    9.584    9.737    9.939   10.187   10.900   10.979   13.687   14.093
   14.404   14.782   14.994   15.250   18.086   18.259   18.466   19.015   20.174   20.415
   21.509   21.869   22.738   22.984   23.399   23.557   24.551   24.594   24.761   25.540
            0.299999  0.407049  0.003196
  -76.625  -68.264  -63.813  -63.791  -44.026  -42.434  -42.300  -37.330  -37.318  -37.301
  -28.289  -28.230  -28.208  -28.131  -28.127  -28.065   -7.830   -7.266   -6.930   -6.724
   -6.604   -6.256   -6.106   -6.090    3.720    3.907    3.996    4.297    4.409    4.716
    4.816    5.198    5.314    5.633    5.819    5.883    6.263    6.411    6.647    7.112
    7.237    7.535    7.702    7.883    7.955    8.049    8.246    8.369    8.742    8.886
    9.095    9.328    9.622    9.736    9.914   10.201   10.857   10.965   13.713   14.095
   14.377   14.765   15.035   15.224   18.028   18.290   18.516   19.117   20.223   20.439
   21.433   21.765   22.697   22.971   23.351   23.621   24.473   24.624   24.774   25.620
            0.324999  0.407049  0.003462
  -76.625  -68.264  -63.813  -63.791  -44.026  -42.434  -42.300  -37.330  -37.318  -37.301
  -28.289  -28.230  -28.208  -28.132  -28.127  -28.065   -7.814   -7.255   -6.952   -6.736
   -6.595   -6.245   -6.112   -6.098    3.698    3.865    3.980    4.292    4.397    4.739
    4.842    5.229    5.361    5.649    5.839    5.918    6.267    6.402    6.634    7.081
    7.254    7.487    7.646    7.849    7.981    8.057    8.303    8.435    8.725    8.875
    9.064    9.325    9.659    9.736    9.890   10.215   10.813   10.946   13.742   14.098
   14.350   14.754   15.073   15.195   17.974   18.320   18.565   19.216   20.269   20.470
   21.362   21.661   22.655   22.958   23.301   23.697   24.390   24.658   24.781   25.674
            0.349999  0.407049  0.003728
  -76.625  -68.264  -63.813  -63.791  -44.026  -42.434  -42.300  -37.330  -37.318  -37.301
  -28.289  -28.230  -28.208  -28.132  -28.127  -28.065   -7.799   -7.244   -6.973   -6.746
   -6.587   -6.235   -6.129   -6.094    3.678    3.825    3.969    4.272    4.400    4.759
    4.870    5.251    5.409    5.660    5.845    5.977    6.273    6.378    6.640    7.047
    7.255    7.420    7.618    7.784    8.015    8.065    8.376    8.509    8.709    8.868
    9.029    9.322    9.691    9.736    9.869   10.228   10.771   10.921   13.770   14.101
   14.322   14.749   15.107   15.164   17.926   18.349   18.611   19.308   20.310   20.509
   21.298   21.558   22.614   22.947   23.249   23.783   24.314   24.690   24.780   25.682
            0.374999  0.407049  0.003994
  -76.625  -68.264  -63.813  -63.791  -44.026  -42.434  -42.300  -37.330  -37.318  -37.301
  -28.289  -28.230  -28.208  -28.132  -28.127  -28.065   -7.785   -7.232   -6.994   -6.756
   -6.579   -6.227   -6.145   -6.090    3.660    3.791    3.962    4.245    4.411    4.777
    4.897    5.264    5.457    5.670    5.849    6.046    6.270    6.359    6.658    7.011
    7.237    7.338    7.618    7.720    8.044    8.064    8.457    8.579    8.700    8.866
    8.994    9.316    9.700    9.747    9.857   10.240   10.731   10.892   13.798   14.105
   14.294   14.752   15.128   15.138   17.883   18.375   18.654   19.392   20.347   20.557
   21.240   21.454   22.575   22.939   23.197   23.878   24.249   24.719   24.772   25.614
            0.399999  0.407049  0.004261
  -76.625  -68.264  -63.813  -63.791  -44.026  -42.434  -42.300  -37.330  -37.318  -37.301
  -28.289  -28.230  -28.209  -28.132  -28.127  -28.065   -7.773   -7.221   -7.013   -6.763
   -6.573   -6.220   -6.160   -6.087    3.645    3.763    3.958    4.219    4.423    4.793
    4.921    5.268    5.503    5.681    5.851    6.115    6.250    6.366    6.683    6.973
    7.199    7.254    7.636    7.668    8.052    8.071    8.533    8.631    8.707    8.870
    8.961    9.307    9.680    9.773    9.855   10.250   10.695   10.862   13.825   14.108
   14.268   14.760   15.094   15.162   17.848   18.396   18.691   19.463   20.379   20.615
   21.189   21.351   22.541   22.934   23.146   23.978   24.198   24.742   24.760   25.497
            0.424999  0.407049  0.004527
  -76.625  -68.264  -63.813  -63.791  -44.026  -42.434  -42.300  -37.330  -37.318  -37.301
  -28.289  -28.230  -28.209  -28.132  -28.127  -28.065   -7.763   -7.210   -7.029   -6.770
   -6.568   -6.214   -6.171   -6.084    3.632    3.741    3.956    4.196    4.433    4.807
    4.942    5.265    5.544    5.696    5.847    6.158    6.249    6.387    6.712    6.933
    7.133    7.193    7.625    7.665    8.042    8.086    8.590    8.661    8.734    8.876
    8.941    9.295    9.650    9.798    9.860   10.258   10.665   10.834   13.849   14.112
   14.245   14.773   15.061   15.181   17.820   18.414   18.721   19.520   20.407   20.683
   21.147   21.248   22.513   22.934   23.100   24.077   24.162   24.741   24.766   25.369
            0.449999  0.407049  0.004793
  -76.625  -68.264  -63.813  -63.791  -44.026  -42.434  -42.300  -37.330  -37.318  -37.301
  -28.289  -28.230  -28.209  -28.132  -28.127  -28.065   -7.756   -7.201   -7.043   -6.774
   -6.564   -6.209   -6.181   -6.083    3.622    3.725    3.955    4.179    4.441    4.817
    4.958    5.258    5.579    5.715    5.836    6.148    6.296    6.413    6.745    6.892
    7.055    7.152    7.598    7.691    8.031    8.096    8.622    8.688    8.758    8.871
    8.950    9.281    9.621    9.817    9.869   10.264   10.642   10.810   13.868   14.114
   14.226   14.788   15.031   15.195   17.800   18.427   18.744   19.562   20.428   20.760
   21.109   21.151   22.492   22.939   23.059   24.123   24.185   24.724   24.780   25.255
            0.474999  0.407049  0.005060
  -76.625  -68.264  -63.813  -63.791  -44.026  -42.434  -42.300  -37.330  -37.318  -37.301
  -28.289  -28.230  -28.209  -28.132  -28.127  -28.065   -7.751   -7.194   -7.052   -6.777
   -6.561   -6.206   -6.187   -6.082    3.616    3.716    3.955    4.168    4.446    4.824
    4.969    5.252    5.602    5.736    5.820    6.132    6.341    6.436    6.778    6.852
    6.995    7.125    7.583    7.710    8.022    8.101    8.639    8.706    8.771    8.860
    8.975    9.267    9.600    9.829    9.876   10.268   10.627   10.795   13.881   14.116
   14.213   14.801   15.009   15.204   17.787   18.435   18.758   19.587   20.442   20.846
   21.036   21.104   22.479   22.948   23.027   24.112   24.253   24.708   24.789   25.174
            0.499999  0.407049  0.005326
  -76.625  -68.264  -63.813  -63.791  -44.026  -42.434  -42.300  -37.330  -37.318  -37.301
  -28.289  -28.230  -28.209  -28.132  -28.127  -28.065   -7.750   -7.192   -7.055   -6.778
   -6.561   -6.204   -6.189   -6.081    3.614    3.713    3.955    4.164    4.448    4.826
    4.973    5.249    5.610    5.748    5.810    6.126    6.358    6.447    6.801    6.827
    6.972    7.115    7.578    7.717    8.019    8.102    8.645    8.710    8.775    8.856
    8.987    9.260    9.592    9.832    9.880   10.269   10.621   10.789   13.886   14.117
   14.208   14.806   15.001   15.207   17.783   18.438   18.763   19.595   20.447   20.926
   20.953   21.096   22.475   22.954   23.014   24.107   24.281   24.700   24.792   25.144
            0.474999  0.386697  0.005060
  -76.625  -68.264  -63.813  -63.791  -44.026  -42.434  -42.300  -37.330  -37.318  -37.301
  -28.289  -28.230  -28.209  -28.132  -28.127  -28.065   -7.752   -7.193   -7.051   -6.776
   -6.561   -6.206   -6.189   -6.082    3.618    3.717    3.956    4.170    4.447    4.824
    4.968    5.243    5.599    5.736    5.825    6.130    6.335    6.440    6.785    6.850
    6.999    7.125    7.578    7.714    8.022    8.099    8.626    8.692    8.777    8.863
    8.985    9.279    9.598    9.828    9.878   10.267   10.629   10.796   13.881   14.116
   14.212   14.797   15.008   15.206   17.792   18.431   18.758   19.582   20.426   20.856
   21.019   21.128   22.474   22.947   23.028   24.096   24.273   24.665   24.812   25.180
            0.449999  0.366344  0.004793
  -76.625  -68.264  -63.813  -63.791  -44.026  -42.434  -42.300  -37.330  -37.318  -37.301
  -28.289  -28.230  -28.209  -28.132  -28.127  -28.065   -7.759   -7.197   -7.041   -6.772
   -6.562   -6.210   -6.187   -6.083    3.626    3.731    3.957    4.185    4.443    4.815
    4.953    5.227    5.571    5.716    5.847    6.143    6.278    6.428    6.771    6.884
    7.056    7.163    7.581    7.709    8.027    8.091    8.578    8.638    8.780    8.875
    8.992    9.322    9.611    9.817    9.875   10.263   10.649   10.818   13.868   14.112
   14.224   14.775   15.026   15.202   17.815   18.410   18.747   19.544   20.370   20.807
   21.041   21.237   22.474   22.937   23.055   24.055   24.272   24.598   24.838   25.269
            0.424999  0.345992  0.004527
  -76.625  -68.264  -63.813  -63.791  -44.026  -42.434  -42.300  -37.330  -37.318  -37.301
  -28.289  -28.230  -28.209  -28.132  -28.127  -28.065   -7.771   -7.199   -7.025   -6.766
   -6.564   -6.216   -6.186   -6.084    3.636    3.759    3.960    4.209    4.437    4.798
    4.930    5.206    5.531    5.695    5.857    6.146    6.228    6.417    6.763    6.919
    7.103    7.233    7.592    7.711    8.018    8.085    8.507    8.575    8.784    8.886
    9.010    9.372    9.630    9.800    9.874   10.256   10.671   10.856   13.851   14.104
   14.239   14.749   15.047   15.198   17.853   18.375   18.728   19.481   20.297   20.787
   21.041   21.371   22.476   22.933   23.082   23.992   24.293   24.532   24.849   25.378
            0.399999  0.325639  0.004261
  -76.625  -68.264  -63.813  -63.791  -44.026  -42.434  -42.300  -37.330  -37.318  -37.301
  -28.289  -28.230  -28.209  -28.132  -28.127  -28.065   -7.789   -7.199   -7.007   -6.757
   -6.567   -6.223   -6.184   -6.085    3.643    3.802    3.966    4.238    4.429    4.771
    4.903    5.184    5.479    5.674    5.858    6.103    6.234    6.412    6.761    6.950
    7.142    7.308    7.624    7.723    7.986    8.083    8.423    8.525    8.787    8.895
    9.030    9.418    9.646    9.784    9.875   10.245   10.691   10.907   13.832   14.093
   14.256   14.725   15.065   15.196   17.901   18.329   18.703   19.399   20.225   20.788
   21.035   21.503   22.486   22.934   23.100   23.930   24.306   24.502   24.846   25.468
            0.374999  0.305287  0.003994
  -76.625  -68.264  -63.813  -63.791  -44.026  -42.434  -42.300  -37.330  -37.318  -37.301
  -28.289  -28.231  -28.208  -28.132  -28.127  -28.065   -7.813   -7.194   -6.988   -6.745
   -6.571   -6.234   -6.181   -6.086    3.647    3.858    3.974    4.266    4.418    4.734
    4.876    5.164    5.413    5.652    5.859    6.049    6.257    6.415    6.762    6.971
    7.178    7.366    7.678    7.746    7.939    8.077    8.358    8.487    8.789    8.900
    9.043    9.458    9.653    9.775    9.881   10.233   10.706   10.964   13.814   14.079
   14.268   14.707   15.079   15.195   17.954   18.273   18.671   19.307   20.161   20.803
   21.027   21.623   22.506   22.938   23.108   23.885   24.273   24.543   24.838   25.501
            0.349999  0.284934  0.003728
  -76.625  -68.264  -63.813  -63.791  -44.026  -42.434  -42.300  -37.330  -37.318  -37.301
  -28.289  -28.231  -28.208  -28.132  -28.126  -28.064   -7.844   -7.183   -6.968   -6.732
   -6.574   -6.247   -6.175   -6.086    3.648    3.922    3.985    4.283    4.407    4.693
    4.854    5.146    5.339    5.628    5.865    6.005    6.271    6.428    6.764    6.981
    7.206    7.417    7.712    7.772    7.916    8.069    8.326    8.459    8.792    8.896
    9.050    9.486    9.649    9.776    9.892   10.218   10.719   11.018   13.801   14.060
   14.274   14.699   15.090   15.197   17.999   18.212   18.632   19.221   20.106   20.827
   21.018   21.723   22.540   22.938   23.116   23.852   24.224   24.617   24.843   25.465
            0.324999  0.264582  0.003462
  -76.625  -68.264  -63.813  -63.791  -44.026  -42.434  -42.300  -37.330  -37.318  -37.301
  -28.289  -28.231  -28.208  -28.131  -28.126  -28.064   -7.880   -7.167   -6.949   -6.718
   -6.578   -6.263   -6.167   -6.086    3.649    3.973    4.017    4.277    4.401    4.647
    4.847    5.126    5.269    5.602    5.871    5.979    6.275    6.449    6.767    6.985
    7.215    7.460    7.684    7.808    7.951    8.076    8.318    8.440    8.794    8.882
    9.054    9.502    9.638    9.777    9.906   10.205   10.730   11.062   13.794   14.038
   14.273   14.697   15.103   15.200   18.016   18.152   18.595   19.156   20.057   20.856
   21.013   21.800   22.588   22.929   23.137   23.816   24.188   24.670   24.897   25.380
            0.299999  0.244229  0.003196
  -76.625  -68.264  -63.813  -63.791  -44.026  -42.434  -42.300  -37.330  -37.318  -37.301
  -28.289  -28.232  -28.208  -28.131  -28.126  -28.064   -7.920   -7.145   -6.931   -6.704
   -6.581   -6.280   -6.156   -6.085    3.649    3.991    4.081    4.245    4.404    4.591
    4.862    5.099    5.217    5.574    5.860    5.981    6.273    6.475    6.769    6.983
    7.207    7.459    7.690    7.846    7.977    8.125    8.324    8.428    8.790    8.864
    9.057    9.506    9.626    9.775    9.918   10.194   10.740   11.092   13.795   14.014
   14.266   14.699   15.119   15.205   17.985   18.097   18.577   19.119   20.013   20.888
   21.015   21.854   22.643   22.914   23.178   23.763   24.180   24.686   25.009   25.272
            0.274999  0.223877  0.002929
  -76.625  -68.264  -63.813  -63.791  -44.026  -42.434  -42.300  -37.330  -37.318  -37.301
  -28.289  -28.232  -28.208  -28.131  -28.125  -28.064   -7.963   -7.120   -6.914   -6.691
   -6.583   -6.298   -6.145   -6.082    3.648    4.000    4.136    4.205    4.411    4.524
    4.889    5.070    5.193    5.547    5.830    6.004    6.274    6.504    6.771    6.976
    7.185    7.419    7.754    7.878    7.984    8.196    8.337    8.426    8.769    8.855
    9.062    9.500    9.615    9.768    9.922   10.187   10.750   11.109   13.805   13.987
   14.255   14.699   15.138   15.213   17.902   18.040   18.589   19.113   19.972   20.918
   21.031   21.889   22.698   22.899   23.237   23.694   24.199   24.692   25.134   25.167
            0.249999  0.203525  0.002663
  -76.625  -68.264  -63.813  -63.791  -44.026  -42.434  -42.300  -37.330  -37.318  -37.301
  -28.289  -28.232  -28.208  -28.131  -28.125  -28.064   -8.008   -7.093   -6.897   -6.680
   -6.584   -6.315   -6.136   -6.074    3.647    4.003    4.119    4.216    4.415    4.463
    4.889    5.075    5.191    5.526    5.790    6.032    6.284    6.533    6.772    6.963
    7.155    7.392    7.817    7.910    7.996    8.257    8.359    8.432    8.733    8.856
    9.071    9.486    9.605    9.755    9.918   10.180   10.756   11.112   13.822   13.961
   14.243   14.697   15.152   15.234   17.777   17.990   18.621   19.134   19.933   20.942
   21.064   21.911   22.744   22.888   23.299   23.630   24.238   24.703   25.030   25.281
            0.225000  0.183172  0.002397
  -76.625  -68.264  -63.813  -63.791  -44.026  -42.434  -42.300  -37.330  -37.318  -37.301
  -28.289  -28.233  -28.207  -28.130  -28.125  -28.064   -8.053   -7.065   -6.881   -6.672
   -6.584   -6.331   -6.131   -6.061    3.646    3.992    4.075    4.235    4.368    4.470
    4.851    5.115    5.211    5.511    5.745    6.056    6.310    6.560    6.776    6.945
    7.128    7.387    7.830    7.953    8.027    8.298    8.386    8.448    8.697    8.857
    9.086    9.466    9.602    9.737    9.910   10.169   10.754   11.110   13.841   13.941
   14.230   14.689   15.153   15.271   17.626   17.953   18.660   19.175   19.894   20.967
   21.111   21.926   22.771   22.884   23.326   23.610   24.288   24.723   24.915   25.333
            0.200000  0.162820  0.002130
  -76.625  -68.264  -63.813  -63.791  -44.026  -42.434  -42.300  -37.330  -37.318  -37.301
  -28.289  -28.233  -28.207  -28.130  -28.124  -28.064   -8.097   -7.039   -6.863   -6.669
   -6.583   -6.343   -6.130   -6.042    3.644    3.955    4.050    4.221    4.324    4.502
    4.805    5.140    5.259    5.503    5.707    6.076    6.351    6.584    6.782    6.932
    7.112    7.399    7.811    7.967    8.086    8.319    8.409    8.473    8.675    8.848
    9.108    9.439    9.609    9.715    9.900   10.151   10.739   11.107   13.845   13.945
   14.219   14.676   15.147   15.319   17.464   17.926   18.701   19.228   19.855   20.999
   21.167   21.939   22.766   22.893   23.298   23.659   24.348   24.743   24.821   25.268
            0.175000  0.142467  0.001864
  -76.625  -68.264  -63.813  -63.791  -44.026  -42.434  -42.300  -37.330  -37.318  -37.301
  -28.290  -28.233  -28.207  -28.130  -28.124  -28.064   -8.139   -7.016   -6.844   -6.669
   -6.582   -6.353   -6.131   -6.019    3.643    3.902    4.033    4.184    4.303    4.527
    4.770    5.144    5.305    5.501    5.691    6.099    6.403    6.606    6.786    6.933
    7.108    7.421    7.776    7.957    8.142    8.327    8.415    8.504    8.682    8.829
    9.136    9.407    9.628    9.690    9.889   10.126   10.706   11.112   13.828   13.976
   14.209   14.657   15.136   15.370   17.301   17.910   18.744   19.283   19.814   21.044
   21.228   21.954   22.724   22.913   23.253   23.733   24.418   24.698   24.815   25.165
            0.150000  0.122115  0.001598
  -76.625  -68.264  -63.813  -63.791  -44.026  -42.434  -42.300  -37.330  -37.318  -37.301
  -28.290  -28.234  -28.207  -28.130  -28.124  -28.063   -8.177   -6.998   -6.821   -6.671
   -6.582   -6.360   -6.133   -5.996    3.641    3.848    4.008    4.153    4.288    4.533
    4.755    5.136    5.319    5.511    5.706    6.133    6.458    6.631    6.782    6.957
    7.114    7.445    7.730    7.935    8.173    8.321    8.411    8.534    8.717    8.809
    9.167    9.378    9.640    9.678    9.876   10.097   10.657   11.126   13.804   14.023
   14.201   14.634   15.125   15.421   17.146   17.901   18.790   19.334   19.770   21.102
   21.293   21.971   22.653   22.931   23.220   23.797   24.497   24.633   24.857   25.059
            0.125000  0.101762  0.001331
  -76.625  -68.264  -63.813  -63.791  -44.026  -42.434  -42.300  -37.330  -37.318  -37.301
  -28.290  -28.234  -28.207  -28.130  -28.124  -28.063   -8.211   -6.986   -6.797   -6.674
   -6.584   -6.364   -6.136   -5.973    3.639    3.798    3.975    4.138    4.271    4.521
    4.760    5.113    5.307    5.533    5.733    6.187    6.510    6.663    6.774    6.997
    7.127    7.465    7.677    7.908    8.174    8.300    8.409    8.560    8.728    8.836
    9.189    9.364    9.614    9.704    9.858   10.067   10.598   11.144   13.780   14.075
   14.196   14.605   15.113   15.468   17.004   17.898   18.842   19.376   19.721   21.170
   21.360   21.992   22.564   22.939   23.205   23.834   24.578   24.597   24.902   24.966
            0.100000  0.081410  0.001065
  -76.625  -68.264  -63.813  -63.791  -44.026  -42.434  -42.300  -37.330  -37.318  -37.301
  -28.290  -28.234  -28.206  -28.129  -28.123  -28.063   -8.240   -6.977   -6.772   -6.678
   -6.588   -6.367   -6.138   -5.952    3.637    3.755    3.940    4.134    4.253    4.503
    4.774    5.078    5.291    5.562    5.753    6.260    6.552    6.692    6.780    7.045
    7.145    7.475    7.623    7.880    8.147    8.276    8.411    8.577    8.710    8.911
    9.191    9.377    9.577    9.730    9.840   10.039   10.537   11.165   13.758   14.127
   14.198   14.570   15.102   15.509   16.880   17.899   18.899   19.408   19.669   21.244
   21.431   22.013   22.465   22.935   23.206   23.840   24.567   24.672   24.867   24.974
            0.075000  0.061057  0.000799
  -76.625  -68.264  -63.813  -63.791  -44.026  -42.434  -42.300  -37.330  -37.318  -37.301
  -28.290  -28.234  -28.206  -28.129  -28.123  -28.063   -8.263   -6.972   -6.749   -6.682
   -6.593   -6.370   -6.140   -5.935    3.634    3.721    3.910    4.134    4.234    4.486
    4.790    5.037    5.280    5.595    5.758    6.345    6.582    6.692    6.828    7.090
    7.165    7.462    7.580    7.858    8.096    8.261    8.410    8.573    8.711    8.989
    9.185    9.409    9.538    9.726    9.841   10.015   10.481   11.184   13.741   14.160
   14.221   14.531   15.092   15.542   16.779   17.901   18.959   19.428   19.617   21.314
   21.505   22.031   22.368   22.922   23.217   23.826   24.563   24.734   24.812   25.035
            0.050000  0.040705  0.000533
  -76.625  -68.264  -63.813  -63.791  -44.026  -42.434  -42.300  -37.330  -37.318  -37.301
  -28.290  -28.234  -28.206  -28.129  -28.123  -28.063   -8.280   -6.969   -6.729   -6.685
   -6.598   -6.371   -6.141   -5.922    3.632    3.696    3.888    4.136    4.217    4.474
    4.805    4.999    5.273    5.629    5.750    6.427    6.603    6.672    6.900    7.124
    7.183    7.424    7.559    7.847    8.037    8.253    8.407    8.552    8.734    9.037
    9.203    9.439    9.504    9.687    9.866    9.993   10.437   11.199   13.728   14.169
   14.270   14.487   15.085   15.567   16.704   17.903   19.016   19.435   19.572   21.369
   21.580   22.041   22.283   22.905   23.230   23.805   24.565   24.728   24.819   25.098
            0.025000  0.020352  0.000266
  -76.625  -68.264  -63.813  -63.791  -44.026  -42.434  -42.300  -37.330  -37.318  -37.301
  -28.290  -28.234  -28.206  -28.129  -28.123  -28.063   -8.290   -6.967   -6.716   -6.687
   -6.602   -6.372   -6.141   -5.914    3.629    3.682    3.875    4.138    4.205    4.466
    4.816    4.971    5.270    5.659    5.735    6.495    6.615    6.645    6.965    7.141
    7.195    7.383    7.551    7.847    7.986    8.250    8.402    8.535    8.757    9.045
    9.255    9.423    9.512    9.641    9.895    9.972   10.408   11.208   13.720   14.171
   14.323   14.440   15.080   15.582   16.658   17.905   19.061   19.428   19.545   21.404
   21.643   22.038   22.227   22.891   23.239   23.788   24.567   24.705   24.841   25.146
            0.000000  0.000000  0.000000
  -76.625  -68.264  -63.813  -63.791  -44.026  -42.434  -42.300  -37.330  -37.318  -37.301
  -28.290  -28.234  -28.206  -28.129  -28.123  -28.063   -8.294   -6.967   -6.711   -6.687
   -6.604   -6.373   -6.142   -5.911    3.628    3.677    3.871    4.139    4.201    4.464
    4.820    4.961    5.269    5.674    5.724    6.526    6.622    6.626    6.995    7.143
    7.199    7.366    7.549    7.851    7.964    8.249    8.400    8.529    8.767    9.043
    9.291    9.396    9.531    9.615    9.910    9.959   10.399   11.212   13.718   14.171
   14.361   14.405   15.078   15.587   16.642   17.905   19.079   19.423   19.537   21.415
   21.670   22.031   22.208   22.886   23.243   23.782   24.568   24.697   24.849   25.165
           -0.000005  0.000000  0.023137
  -76.625  -68.264  -63.813  -63.791  -44.026  -42.434  -42.300  -37.330  -37.318  -37.301
  -28.290  -28.235  -28.206  -28.130  -28.122  -28.063   -8.291   -6.967   -6.718   -6.690
   -6.597   -6.372   -6.142   -5.912    3.630    3.677    3.875    4.140    4.195    4.464
    4.820    4.970    5.268    5.653    5.738    6.500    6.561    6.722    6.992    7.146
    7.196    7.363    7.546    7.843    7.972    8.240    8.401    8.543    8.763    9.041
    9.280    9.407    9.530    9.612    9.908    9.955   10.412   11.212   13.720   14.166
   14.360   14.405   15.077   15.583   16.652   17.905   19.054   19.447   19.538   21.419
   21.666   22.018   22.206   22.887   23.258   23.777   24.549   24.697   24.871   25.163
           -0.000010  0.000000  0.046274
  -76.625  -68.264  -63.813  -63.791  -44.026  -42.434  -42.300  -37.330  -37.318  -37.301
  -28.290  -28.235  -28.206  -28.132  -28.120  -28.063   -8.285   -6.967   -6.733   -6.698
   -6.580   -6.369   -6.144   -5.914    3.637    3.678    3.887    4.142    4.179    4.462
    4.818    4.995    5.265    5.612    5.756    6.434    6.550    6.821    6.989    7.153
    7.186    7.354    7.537    7.821    7.995    8.222    8.401    8.580    8.749    9.034
    9.255    9.433    9.525    9.606    9.891    9.954   10.446   11.213   13.728   14.151
   14.357   14.406   15.076   15.569   16.680   17.904   18.994   19.503   19.547   21.428
   21.653   21.982   22.200   22.892   23.303   23.764   24.507   24.694   24.929   25.158
           -0.000015  0.000000  0.069411
  -76.625  -68.264  -63.813  -63.791  -44.026  -42.434  -42.300  -37.330  -37.318  -37.301
  -28.289  -28.236  -28.205  -28.134  -28.118  -28.063   -8.273   -6.968   -6.753   -6.712
   -6.558   -6.365   -6.145   -5.919    3.646    3.680    3.906    4.134    4.168    4.460
    4.815    5.031    5.259    5.566    5.766    6.377    6.549    6.888    7.017    7.150
    7.182    7.342    7.523    7.786    8.029    8.203    8.397    8.629    8.727    9.024
    9.224    9.462    9.518    9.599    9.858    9.965   10.496   11.216   13.740   14.130
   14.351   14.406   15.072   15.546   16.727   17.902   18.921   19.535   19.596   21.444
   21.626   21.934   22.191   22.899   23.372   23.744   24.455   24.684   25.006   25.154
           -0.000019  0.000000  0.092548
  -76.625  -68.264  -63.813  -63.791  -44.026  -42.434  -42.300  -37.330  -37.318  -37.301
  -28.289  -28.237  -28.204  -28.136  -28.116  -28.063   -8.257   -6.968   -6.775   -6.730
   -6.534   -6.361   -6.147   -5.924    3.659    3.683    3.928    4.111    4.174    4.458
    4.814    5.071    5.249    5.519    5.765    6.339    6.549    6.894    7.099    7.128
    7.194    7.327    7.507    7.744    8.069    8.191    8.390    8.665    8.716    9.012
    9.191    9.486    9.514    9.594    9.818    9.981   10.553   11.219   13.756   14.105
   14.343   14.405   15.067   15.515   16.791   17.900   18.843   19.545   19.674   21.462
   21.579   21.887   22.183   22.908   23.458   23.720   24.398   24.665   25.091   25.155
           -0.000024  0.000000  0.115685
  -76.625  -68.264  -63.813  -63.791  -44.026  -42.434  -42.300  -37.330  -37.318  -37.301
  -28.289  -28.238  -28.204  -28.139  -28.114  -28.062   -8.236   -6.969   -6.796   -6.752
   -6.508   -6.357   -6.148   -5.932    3.671    3.690    3.944    4.094    4.187    4.454
    4.812    5.106    5.238    5.476    5.757    6.321    6.548    6.877    7.095    7.177
    7.218    7.316    7.494    7.698    8.111    8.184    8.383    8.640    8.759    8.998
    9.157    9.484    9.529    9.596    9.778    9.997   10.615   11.223   13.777   14.078
   14.332   14.402   15.060   15.476   16.871   17.898   18.766   19.553   19.754   21.482
   21.506   21.850   22.179   22.919   23.554   23.701   24.339   24.635   25.154   25.188
           -0.000029  0.000000  0.138822
  -76.625  -68.264  -63.813  -63.791  -44.026  -42.434  -42.300  -37.330  -37.318  -37.301
  -28.289  -28.240  -28.203  -28.141  -28.112  -28.062   -8.212   -6.971   -6.817   -6.778
   -6.483   -6.355   -6.147   -5.940    3.680    3.704    3.940    4.101    4.206    4.451
    4.810    5.118    5.233    5.445    5.744    6.317    6.546    6.857    7.059    7.203
    7.237    7.343    7.493    7.653    8.145    8.184    8.381    8.600    8.811    8.986
    9.123    9.470    9.545    9.609    9.741   10.011   10.677   11.228   13.802   14.051
   14.319   14.396   15.049   15.429   16.964   17.896   18.691   19.562   19.831   21.409
   21.500   21.827   22.187   22.931   23.617   23.724   24.278   24.591   25.170   25.274
           -0.000034  0.000000  0.161959
  -76.625  -68.264  -63.812  -63.791  -44.026  -42.434  -42.300  -37.330  -37.318  -37.301
  -28.289  -28.242  -28.201  -28.143  -28.109  -28.062   -8.183   -6.973   -6.838   -6.808
   -6.458   -6.355   -6.145   -5.950    3.685    3.721    3.919    4.128    4.232    4.449
    4.807    5.094    5.243    5.430    5.731    6.320    6.541    6.838    7.023    7.209
    7.221    7.374    7.529    7.614    8.160    8.192    8.389    8.561    8.855    8.977
    9.091    9.453    9.551    9.630    9.714   10.023   10.740   11.234   13.831   14.027
   14.305   14.388   15.036   15.376   17.070   17.894   18.620   19.571   19.903   21.296
   21.511   21.812   22.211   22.945   23.610   23.826   24.216   24.536   25.187   25.359
           -0.000039  0.000000  0.185096
  -76.625  -68.264  -63.812  -63.791  -44.026  -42.434  -42.300  -37.330  -37.318  -37.301
  -28.288  -28.243  -28.200  -28.146  -28.107  -28.062   -8.149   -6.975   -6.859   -6.840
   -6.434   -6.356   -6.140   -5.960    3.691    3.738    3.895    4.158    4.272    4.447
    4.802    5.049    5.256    5.430    5.722    6.326    6.532    6.820    6.990    7.184
    7.226    7.360    7.584    7.600    8.158    8.196    8.407    8.534    8.881    8.979
    9.062    9.434    9.553    9.640    9.708   10.030   10.800   11.240   13.863   14.007
   14.290   14.377   15.020   15.316   17.185   17.892   18.554   19.581   19.968   21.171
   21.512   21.803   22.257   22.961   23.589   23.950   24.154   24.472   25.204   25.438
           -0.000044  0.000000  0.208233
  -76.625  -68.264  -63.812  -63.792  -44.026  -42.434  -42.300  -37.330  -37.318  -37.301
  -28.288  -28.245  -28.199  -28.148  -28.105  -28.061   -8.112   -6.979   -6.887   -6.867
   -6.411   -6.358   -6.133   -5.972    3.696    3.747    3.878    4.177    4.330    4.448
    4.796    5.001    5.262    5.440    5.718    6.328    6.515    6.805    6.965    7.158
    7.233    7.318    7.566    7.674    8.145    8.192    8.423    8.534    8.884    8.988
    9.048    9.415    9.552    9.629    9.730   10.034   10.858   11.247   13.897   13.992
   14.274   14.363   15.000   15.252   17.309   17.891   18.492   19.591   20.026   21.039
   21.504   21.796   22.327   22.979   23.566   24.045   24.129   24.399   25.212   25.508
           -0.000048  0.000000  0.231370
  -76.625  -68.264  -63.812  -63.792  -44.026  -42.434  -42.300  -37.330  -37.318  -37.301
  -28.287  -28.247  -28.197  -28.150  -28.103  -28.061   -8.071   -6.984   -6.925   -6.886
   -6.389   -6.361   -6.125   -5.983    3.702    3.746    3.875    4.182    4.401    4.453
    4.787    4.959    5.261    5.453    5.718    6.323    6.492    6.793    6.952    7.138
    7.230    7.269    7.557    7.736    8.123    8.183    8.435    8.562    8.873    8.984
    9.061    9.395    9.547    9.617    9.761   10.034   10.914   11.253   13.933   13.982
   14.258   14.349   14.977   15.184   17.439   17.891   18.437   19.600   20.075   20.903
   21.490   21.789   22.419   22.998   23.546   24.002   24.246   24.323   25.205   25.569
           -0.000053  0.000000  0.254507
  -76.625  -68.264  -63.812  -63.792  -44.026  -42.434  -42.300  -37.330  -37.318  -37.301
  -28.287  -28.250  -28.196  -28.153  -28.101  -28.061   -8.027   -6.994   -6.963   -6.902
   -6.370   -6.363   -6.117   -5.995    3.706    3.737    3.884    4.176    4.461    4.479
    4.779    4.927    5.257    5.465    5.720    6.308    6.463    6.782    6.952    7.122
    7.175    7.264    7.554    7.780    8.094    8.171    8.449    8.604    8.854    8.977
    9.086    9.377    9.536    9.611    9.794   10.031   10.965   11.259   13.968   13.982
   14.243   14.333   14.951   15.113   17.573   17.892   18.388   19.607   20.115   20.765
   21.473   21.782   22.530   23.020   23.529   23.936   24.239   24.394   25.174   25.622
           -0.000058  0.000000  0.277644
  -76.625  -68.264  -63.812  -63.792  -44.026  -42.434  -42.300  -37.330  -37.318  -37.301
  -28.286  -28.252  -28.194  -28.155  -28.100  -28.061   -7.979   -7.029   -6.981   -6.915
   -6.364   -6.352   -6.108   -6.007    3.703    3.734    3.898    4.158    4.473    4.559
    4.777    4.906    5.249    5.475    5.720    6.286    6.430    6.774    6.958    7.073
    7.141    7.274    7.554    7.807    8.064    8.157    8.467    8.651    8.831    8.979
    9.111    9.362    9.520    9.611    9.825   10.026   11.012   11.265   13.980   14.012
   14.230   14.317   14.921   15.041   17.706   17.895   18.348   19.611   20.146   20.630
   21.458   21.774   22.656   23.043   23.516   23.869   24.157   24.546   25.117   25.668
           -0.000063  0.000000  0.300781
  -76.625  -68.264  -63.812  -63.792  -44.026  -42.434  -42.300  -37.330  -37.318  -37.301
  -28.285  -28.254  -28.193  -28.157  -28.098  -28.061   -7.928   -7.079   -6.988   -6.926
   -6.364   -6.338   -6.099   -6.017    3.692    3.739    3.911    4.131    4.489    4.631
    4.789    4.897    5.242    5.481    5.718    6.260    6.394    6.764    6.958    7.002
    7.150    7.288    7.554    7.819    8.035    8.142    8.484    8.699    8.808    8.992
    9.130    9.350    9.500    9.615    9.854   10.018   11.055   11.270   13.990   14.049
   14.218   14.300   14.889   14.969   17.829   17.904   18.322   19.608   20.165   20.501
   21.449   21.764   22.793   23.069   23.506   23.803   24.075   24.702   25.034   25.709
           -0.000068  0.000000  0.323918
  -76.625  -68.264  -63.812  -63.792  -44.026  -42.434  -42.300  -37.330  -37.318  -37.301
  -28.284  -28.256  -28.191  -28.159  -28.097  -28.060   -7.874   -7.134   -6.993   -6.936
   -6.362   -6.327   -6.091   -6.027    3.682    3.748    3.920    4.098    4.509    4.685
    4.812    4.906    5.235    5.483    5.712    6.236    6.355    6.739    6.906    6.992
    7.172    7.304    7.552    7.822    8.009    8.124    8.495    8.740    8.795    9.014
    9.142    9.342    9.478    9.620    9.879   10.009   11.093   11.275   14.006   14.083
   14.210   14.285   14.853   14.901   17.891   17.955   18.324   19.594   20.173   20.385
   21.447   21.751   22.937   23.097   23.500   23.741   23.995   24.860   24.930   25.745
           -0.000073  0.000000  0.347055
  -76.625  -68.264  -63.812  -63.792  -44.026  -42.434  -42.300  -37.330  -37.318  -37.301
  -28.284  -28.258  -28.190  -28.161  -28.095  -28.060   -7.817   -7.193   -6.998   -6.944
   -6.358   -6.319   -6.084   -6.035    3.676    3.758    3.925    4.062    4.533    4.720
    4.827    4.948    5.231    5.476    5.709    6.218    6.315    6.680    6.868    7.001
    7.204    7.321    7.548    7.821    7.987    8.104    8.497    8.747    8.820    9.042
    9.148    9.337    9.458    9.626    9.901   10.000   11.125   11.279   14.028   14.113
   14.205   14.272   14.810   14.841   17.904   18.016   18.374   19.562   20.165   20.293
   21.454   21.735   23.078   23.132   23.499   23.686   23.921   24.806   25.022   25.776
           -0.000078  0.000000  0.370191
  -76.625  -68.264  -63.812  -63.792  -44.026  -42.434  -42.300  -37.330  -37.318  -37.301
  -28.283  -28.260  -28.188  -28.163  -28.094  -28.060   -7.759   -7.253   -7.002   -6.951
   -6.353   -6.314   -6.078   -6.042    3.674    3.769    3.924    4.027    4.560    4.744
    4.830    5.012    5.232    5.457    5.715    6.205    6.274    6.594    6.857    7.010
    7.240    7.338    7.539    7.820    7.970    8.081    8.492    8.736    8.864    9.073
    9.148    9.332    9.441    9.632    9.920    9.990   11.152   11.282   14.055   14.133
   14.205   14.262   14.758   14.797   17.914   18.034   18.475   19.505   20.138   20.237
   21.470   21.715   23.149   23.232   23.499   23.646   23.855   24.670   25.182   25.802
           -0.000082  0.000000  0.393328
  -76.625  -68.264  -63.812  -63.792  -44.026  -42.434  -42.300  -37.330  -37.318  -37.301
  -28.282  -28.261  -28.187  -28.165  -28.094  -28.060   -7.698   -7.315   -7.005   -6.956
   -6.347   -6.312   -6.073   -6.047    3.675    3.778    3.916    3.999    4.587    4.757
    4.831    5.076    5.239    5.425    5.735    6.186    6.244    6.506    6.855    7.019
    7.277    7.353    7.527    7.820    7.960    8.057    8.482    8.727    8.907    9.104
    9.145    9.322    9.431    9.637    9.935    9.981   11.173   11.285   14.084   14.144
   14.205   14.258   14.709   14.762   17.926   18.027   18.606   19.420   20.107   20.209
   21.493   21.691   23.184   23.345   23.492   23.643   23.805   24.523   25.340   25.819
           -0.000087  0.000000  0.416465
  -76.625  -68.264  -63.812  -63.792  -44.026  -42.434  -42.300  -37.330  -37.318  -37.301
  -28.281  -28.262  -28.186  -28.166  -28.093  -28.060   -7.636   -7.379   -7.007   -6.959
   -6.341   -6.313   -6.070   -6.051    3.678    3.786    3.904    3.980    4.614    4.757
    4.837    5.129    5.253    5.384    5.770    6.143    6.242    6.428    6.856    7.026
    7.311    7.364    7.513    7.821    7.958    8.032    8.472    8.722    8.942    9.134
    9.140    9.306    9.427    9.640    9.946    9.974   11.187   11.288   14.114   14.150
   14.202   14.259   14.672   14.733   17.939   18.011   18.748   19.310   20.087   20.191
   21.521   21.663   23.216   23.403   23.480   23.675   23.803   24.370   25.490   25.822
           -0.000092  0.000000  0.439602
  -76.625  -68.264  -63.812  -63.792  -44.026  -42.434  -42.300  -37.330  -37.318  -37.301
  -28.281  -28.263  -28.185  -28.167  -28.093  -28.060   -7.573   -7.442   -7.009   -6.961
   -6.336   -6.315   -6.067   -6.054    3.682    3.792    3.892    3.971    4.635    4.751
    4.843    5.166    5.273    5.342    5.810    6.094    6.255    6.370    6.857    7.031
    7.340    7.368    7.500    7.821    7.964    8.010    8.465    8.718    8.965    9.135
    9.157    9.290    9.427    9.642    9.954    9.967   11.196   11.289   14.136   14.157
   14.195   14.258   14.649   14.712   17.955   17.992   18.894   19.182   20.079   20.180
   21.551   21.635   23.242   23.403   23.486   23.672   23.899   24.216   25.623   25.798
           -0.000097  0.000000  0.462739
  -76.625  -68.264  -63.812  -63.792  -44.026  -42.434  -42.300  -37.330  -37.318  -37.301
  -28.281  -28.263  -28.185  -28.167  -28.093  -28.060   -7.521   -7.495   -7.009   -6.962
   -6.333   -6.317   -6.066   -6.055    3.683    3.794    3.887    3.968    4.643    4.747
    4.846    5.180    5.294    5.312    5.830    6.070    6.266    6.345    6.857    7.033
    7.355    7.366    7.495    7.821    7.971    7.997    8.462    8.718    8.973    9.134
    9.167    9.282    9.428    9.642    9.959    9.963   11.199   11.290   14.142   14.166
   14.189   14.258   14.642   14.704   17.972   17.974   19.017   19.065   20.077   20.175
   21.569   21.617   23.254   23.395   23.491   23.665   24.004   24.100   25.712   25.750
            0.024903  0.020352  0.463006
  -76.625  -68.264  -63.812  -63.792  -44.026  -42.434  -42.300  -37.330  -37.318  -37.301
  -28.281  -28.263  -28.185  -28.167  -28.093  -28.060   -7.519   -7.493   -7.008   -6.961
   -6.337   -6.318   -6.069   -6.054    3.687    3.797    3.891    3.971    4.631    4.751
    4.846    5.184    5.245    5.371    5.829    6.070    6.266    6.344    6.833    7.037
    7.347    7.363    7.502    7.825    7.969    8.005    8.452    8.715    8.956    9.107
    9.173    9.324    9.429    9.644    9.942    9.981   11.193   11.293   14.125   14.159
   14.193   14.285   14.639   14.707   17.951   17.990   19.021   19.073   20.061   20.190
   21.548   21.618   23.205   23.426   23.478   23.683   23.963   24.164   25.686   25.785
            0.049903  0.040705  0.463272
  -76.625  -68.264  -63.812  -63.792  -44.026  -42.434  -42.300  -37.330  -37.318  -37.301
  -28.281  -28.263  -28.185  -28.167  -28.092  -28.060   -7.514   -7.488   -7.006   -6.958
   -6.348   -6.320   -6.075   -6.054    3.696    3.806    3.901    3.984    4.599    4.758
    4.845    5.170    5.226    5.443    5.826    6.072    6.266    6.344    6.775    7.038
    7.323    7.360    7.520    7.830    7.972    8.021    8.425    8.710    8.917    9.077
    9.176    9.386    9.442    9.655    9.925   10.006   11.179   11.301   14.079   14.154
   14.220   14.332   14.630   14.713   17.927   18.001   19.018   19.110   20.030   20.220
   21.497   21.612   23.119   23.377   23.527   23.726   23.940   24.258   25.651   25.842
            0.074903  0.061057  0.463538
  -76.625  -68.264  -63.812  -63.792  -44.026  -42.434  -42.300  -37.330  -37.318  -37.301
  -28.281  -28.264  -28.185  -28.167  -28.092  -28.060   -7.507   -7.479   -7.006   -6.950
   -6.366   -6.325   -6.082   -6.057    3.712    3.817    3.916    4.008    4.558    4.764
    4.844    5.128    5.247    5.519    5.819    6.076    6.263    6.346    6.704    7.024
    7.288    7.361    7.542    7.826    7.988    8.041    8.384    8.705    8.876    9.059
    9.173    9.406    9.473    9.684    9.916   10.040   11.159   11.308   14.026   14.156
   14.258   14.379   14.618   14.721   17.904   18.007   18.998   19.181   19.998   20.251
   21.424   21.597   23.024   23.275   23.581   23.787   23.970   24.342   25.618   25.904
            0.099903  0.081410  0.463805
  -76.625  -68.264  -63.812  -63.792  -44.026  -42.434  -42.300  -37.330  -37.318  -37.301
  -28.281  -28.264  -28.185  -28.167  -28.092  -28.060   -7.497   -7.466   -7.008   -6.936
   -6.391   -6.331   -6.089   -6.061    3.734    3.827    3.934    4.043    4.515    4.766
    4.846    5.089    5.272    5.593    5.808    6.086    6.257    6.355    6.634    6.994
    7.241    7.366    7.567    7.810    8.014    8.058    8.342    8.697    8.845    9.045
    9.158    9.409    9.490    9.710    9.934   10.086   11.135   11.310   13.976   14.164
   14.303   14.420   14.607   14.731   17.883   18.010   18.966   19.276   19.974   20.279
   21.337   21.574   22.925   23.154   23.615   23.863   24.048   24.398   25.575   25.831
            0.124903  0.101762  0.464071
  -76.625  -68.264  -63.812  -63.792  -44.026  -42.434  -42.300  -37.330  -37.318  -37.301
  -28.281  -28.264  -28.185  -28.167  -28.092  -28.060   -7.486   -7.451   -7.012   -6.917
   -6.422   -6.338   -6.097   -6.068    3.758    3.836    3.955    4.087    4.473    4.764
    4.849    5.057    5.294    5.658    5.790    6.103    6.253    6.370    6.579    6.957
    7.182    7.375    7.591    7.793    8.038    8.063    8.315    8.684    8.825    9.033
    9.134    9.405    9.498    9.710    9.977   10.146   11.107   11.305   13.931   14.175
   14.350   14.458   14.600   14.743   17.861   18.017   18.922   19.389   19.961   20.305
   21.242   21.546   22.823   23.026   23.636   23.944   24.157   24.418   25.502   25.748
            0.149903  0.122115  0.464337
  -76.625  -68.264  -63.812  -63.792  -44.026  -42.434  -42.300  -37.330  -37.318  -37.301
  -28.281  -28.264  -28.185  -28.168  -28.092  -28.060   -7.473   -7.432   -7.019   -6.893
   -6.457   -6.347   -6.104   -6.075    3.782    3.845    3.983    4.133    4.435    4.753
    4.855    5.032    5.313    5.699    5.773    6.126    6.256    6.385    6.552    6.916
    7.113    7.386    7.605    7.786    8.021    8.082    8.314    8.661    8.813    9.016
    9.107    9.394    9.507    9.695   10.023   10.214   11.078   11.292   13.894   14.185
   14.391   14.496   14.599   14.757   17.835   18.031   18.871   19.513   19.961   20.328
   21.144   21.515   22.721   22.900   23.644   24.031   24.275   24.397   25.397   25.727
            0.174903  0.142467  0.464603
  -76.625  -68.264  -63.812  -63.792  -44.026  -42.434  -42.300  -37.330  -37.318  -37.301
  -28.281  -28.264  -28.185  -28.168  -28.092  -28.059   -7.461   -7.411   -7.027   -6.867
   -6.494   -6.358   -6.111   -6.083    3.800    3.854    4.020    4.174    4.406    4.735
    4.859    5.013    5.334    5.685    5.785    6.147    6.279    6.393    6.560    6.876
    7.040    7.397    7.605    7.797    7.972    8.112    8.335    8.628    8.804    8.993
    9.087    9.377    9.516    9.679   10.062   10.273   11.047   11.273   13.867   14.193
   14.420   14.536   14.606   14.775   17.806   18.051   18.820   19.644   19.974   20.350
   21.051   21.482   22.619   22.780   23.638   24.123   24.317   24.410   25.290   25.752
            0.199903  0.162820  0.464870
  -76.625  -68.264  -63.812  -63.792  -44.026  -42.434  -42.300  -37.330  -37.318  -37.301
  -28.282  -28.265  -28.185  -28.168  -28.092  -28.059   -7.448   -7.390   -7.035   -6.841
   -6.530   -6.369   -6.119   -6.089    3.813    3.862    4.064    4.205    4.385    4.707
    4.858    4.998    5.366    5.643    5.806    6.159    6.324    6.399    6.594    6.840
    6.975    7.410    7.594    7.823    7.915    8.142    8.366    8.586    8.791    8.965
    9.074    9.357    9.523    9.669   10.093   10.310   11.015   11.251   13.852   14.195
   14.443   14.567   14.630   14.795   17.774   18.070   18.782   19.774   19.999   20.371
   20.967   21.448   22.518   22.670   23.617   24.218   24.228   24.513   25.203   25.806
            0.224903  0.183172  0.465136
  -76.625  -68.264  -63.812  -63.792  -44.026  -42.434  -42.300  -37.330  -37.318  -37.301
  -28.282  -28.265  -28.185  -28.168  -28.091  -28.059   -7.435   -7.368   -7.043   -6.820
   -6.560   -6.380   -6.127   -6.094    3.820    3.868    4.110    4.224    4.376    4.671
    4.846    4.985    5.408    5.605    5.816    6.161    6.376    6.422    6.632    6.809
    6.930    7.424    7.579    7.828    7.887    8.172    8.398    8.538    8.773    8.940
    9.064    9.333    9.524    9.670   10.117   10.314   10.982   11.227   13.848   14.192
   14.466   14.579   14.672   14.818   17.739   18.076   18.770   19.890   20.044   20.395
   20.897   21.415   22.421   22.568   23.577   24.119   24.312   24.599   25.149   25.871
            0.249903  0.203525  0.465402
  -76.625  -68.264  -63.812  -63.792  -44.026  -42.434  -42.300  -37.330  -37.318  -37.301
  -28.282  -28.265  -28.185  -28.168  -28.091  -28.059   -7.423   -7.349   -7.049   -6.811
   -6.578   -6.391   -6.136   -6.098    3.824    3.874    4.148    4.231    4.383    4.630
    4.822    4.969    5.449    5.597    5.817    6.150    6.412    6.481    6.653    6.789
    6.919    7.440    7.562    7.788    7.916    8.201    8.412    8.500    8.754    8.920
    9.053    9.308    9.521    9.680   10.133   10.286   10.946   11.202   13.856   14.183
   14.491   14.586   14.715   14.842   17.703   18.063   18.793   19.968   20.124   20.423
   20.845   21.382   22.328   22.477   23.514   24.011   24.397   24.657   25.138   25.907
            0.274902  0.223877  0.465669
  -76.625  -68.264  -63.812  -63.792  -44.026  -42.434  -42.300  -37.330  -37.318  -37.301
  -28.282  -28.265  -28.186  -28.168  -28.091  -28.059   -7.411   -7.333   -7.052   -6.817
   -6.579   -6.401   -6.144   -6.101    3.826    3.878    4.167    4.232    4.405    4.586
    4.791    4.946    5.472    5.635    5.814    6.122    6.452    6.549    6.659    6.777
    6.942    7.457    7.543    7.755    7.948    8.228    8.377    8.511    8.739    8.902
    9.040    9.281    9.514    9.696   10.135   10.233   10.907   11.171   13.875   14.171
   14.513   14.597   14.749   14.869   17.668   18.030   18.850   20.009   20.228   20.462
   20.814   21.351   22.241   22.393   23.424   23.915   24.466   24.697   25.164   25.900
            0.299902  0.244229  0.465935
  -76.625  -68.264  -63.812  -63.792  -44.026  -42.434  -42.300  -37.330  -37.318  -37.301
  -28.283  -28.265  -28.186  -28.168  -28.091  -28.059   -7.401   -7.321   -7.052   -6.837
   -6.565   -6.410   -6.150   -6.103    3.828    3.882    4.161    4.236    4.436    4.545
    4.757    4.915    5.492    5.685    5.825    6.081    6.501    6.601    6.671    6.784
    6.982    7.464    7.530    7.742    7.968    8.248    8.325    8.549    8.732    8.881
    9.028    9.256    9.507    9.714   10.097   10.191   10.865   11.130   13.900   14.158
   14.528   14.620   14.772   14.897   17.635   17.985   18.933   20.031   20.324   20.519
   20.804   21.325   22.161   22.318   23.311   23.833   24.508   24.742   25.209   25.881
            0.324902  0.264582  0.466201
  -76.625  -68.264  -63.812  -63.793  -44.026  -42.434  -42.300  -37.330  -37.318  -37.301
  -28.283  -28.266  -28.186  -28.168  -28.091  -28.059   -7.392   -7.315   -7.047   -6.865
   -6.542   -6.418   -6.155   -6.105    3.828    3.886    4.136    4.242    4.449    4.522
    4.727    4.879    5.520    5.701    5.874    6.036    6.536    6.640    6.694    6.822
    7.026    7.453    7.533    7.742    7.965    8.240    8.306    8.597    8.735    8.860
    9.018    9.232    9.498    9.731   10.006   10.181   10.821   11.076   13.930   14.146
   14.537   14.652   14.785   14.924   17.606   17.935   19.033   20.039   20.399   20.598
   20.815   21.304   22.090   22.248   23.188   23.756   24.530   24.802   25.253   25.866
            0.349902  0.284934  0.466467
  -76.625  -68.264  -63.812  -63.793  -44.026  -42.434  -42.300  -37.330  -37.318  -37.301
  -28.283  -28.266  -28.186  -28.168  -28.091  -28.058   -7.384   -7.312   -7.040   -6.895
   -6.517   -6.425   -6.157   -6.106    3.827    3.890    4.104    4.250    4.421    4.529
    4.709    4.844    5.550    5.691    5.946    5.995    6.543    6.688    6.728    6.884
    7.070    7.432    7.542    7.748    7.936    8.208    8.328    8.645    8.745    8.846
    9.013    9.213    9.486    9.742    9.901   10.179   10.776   11.007   13.960   14.136
   14.545   14.688   14.790   14.947   17.584   17.885   19.141   20.033   20.459   20.688
   20.842   21.290   22.031   22.184   23.068   23.677   24.550   24.865   25.281   25.863
            0.374902  0.305287  0.466734
  -76.625  -68.264  -63.812  -63.793  -44.026  -42.434  -42.300  -37.330  -37.318  -37.301
  -28.283  -28.266  -28.186  -28.168  -28.090  -28.058   -7.377   -7.313   -7.031   -6.924
   -6.494   -6.429   -6.158   -6.107    3.822    3.897    4.071    4.257    4.381    4.530
    4.712    4.812    5.564    5.692    5.956    6.024    6.537    6.717    6.789    6.954
    7.115    7.414    7.547    7.752    7.889    8.181    8.363    8.672    8.750    8.861
    9.017    9.202    9.466    9.739    9.806   10.179   10.732   10.927   13.987   14.127
   14.556   14.722   14.790   14.964   17.569   17.838   19.252   20.014   20.514   20.774
   20.880   21.281   21.986   22.125   22.963   23.589   24.581   24.921   25.294   25.855
            0.399902  0.325639  0.467000
  -76.625  -68.264  -63.812  -63.793  -44.026  -42.434  -42.300  -37.330  -37.318  -37.301
  -28.283  -28.266  -28.186  -28.168  -28.090  -28.058   -7.373   -7.316   -7.022   -6.948
   -6.473   -6.432   -6.157   -6.108    3.813    3.907    4.043    4.259    4.348    4.514
    4.728    4.787    5.548    5.718    5.931    6.085    6.533    6.738    6.848    7.026
    7.160    7.399    7.544    7.752    7.837    8.158    8.405    8.676    8.740    8.900
    9.032    9.208    9.432    9.697    9.762   10.181   10.689   10.841   14.009   14.118
   14.572   14.743   14.797   14.975   17.563   17.794   19.360   19.984   20.568   20.848
   20.920   21.274   21.954   22.071   22.887   23.488   24.627   24.958   25.300   25.790
            0.424902  0.345992  0.467266
  -76.625  -68.264  -63.812  -63.793  -44.026  -42.434  -42.300  -37.330  -37.318  -37.301
  -28.283  -28.266  -28.186  -28.168  -28.090  -28.058   -7.370   -7.318   -7.014   -6.967
   -6.458   -6.434   -6.154   -6.109    3.801    3.921    4.020    4.244    4.339    4.489
    4.744    4.773    5.520    5.756    5.913    6.131    6.538    6.757    6.890    7.094
    7.204    7.387    7.536    7.737    7.806    8.138    8.449    8.671    8.720    8.928
    9.056    9.234    9.390    9.652    9.744   10.184   10.647   10.758   14.028   14.109
   14.593   14.740   14.820   14.979   17.564   17.754   19.465   19.941   20.621   20.906
   20.962   21.262   21.932   22.023   22.853   23.377   24.688   24.971   25.309   25.693
            0.449902  0.366344  0.467533
  -76.625  -68.264  -63.812  -63.793  -44.026  -42.434  -42.300  -37.330  -37.318  -37.301
  -28.283  -28.266  -28.186  -28.168  -28.090  -28.058   -7.369   -7.321   -7.010   -6.979
   -6.447   -6.435   -6.152   -6.109    3.790    3.935    4.003    4.218    4.351    4.459
    4.743    4.778    5.495    5.790    5.901    6.159    6.552    6.771    6.916    7.149
    7.241    7.376    7.532    7.694    7.812    8.122    8.493    8.661    8.695    8.938
    9.078    9.243    9.387    9.629    9.719   10.188   10.604   10.693   14.044   14.098
   14.618   14.723   14.847   14.977   17.572   17.720   19.562   19.889   20.666   20.943
   21.005   21.245   21.916   21.983   22.867   23.257   24.759   24.963   25.317   25.605
            0.474902  0.386697  0.467799
  -76.625  -68.264  -63.812  -63.793  -44.026  -42.434  -42.300  -37.330  -37.318  -37.301
  -28.283  -28.266  -28.186  -28.168  -28.090  -28.058   -7.368   -7.322   -7.010   -6.984
   -6.442   -6.434   -6.151   -6.109    3.782    3.949    3.991    4.198    4.373    4.429
    4.737    4.788    5.477    5.814    5.894    6.172    6.568    6.779    6.929    7.185
    7.263    7.370    7.538    7.652    7.824    8.112    8.536    8.630    8.685    8.940
    9.097    9.212    9.436    9.623    9.685   10.192   10.566   10.657   14.059   14.086
   14.645   14.700   14.868   14.972   17.583   17.694   19.648   19.829   20.698   20.962
   21.041   21.228   21.906   21.954   22.927   23.136   24.828   24.940   25.316   25.548
            0.499902  0.407049  0.468065
  -76.625  -68.264  -63.812  -63.793  -44.026  -42.434  -42.300  -37.330  -37.318  -37.301
  -28.283  -28.266  -28.186  -28.168  -28.090  -28.058   -7.368   -7.322   -7.010   -6.985
   -6.440   -6.433   -6.150   -6.109    3.779    3.957    3.985    4.190    4.397    4.402
    4.735    4.792    5.471    5.822    5.892    6.176    6.575    6.782    6.933    7.197
    7.270    7.368    7.546    7.632    7.829    8.109    8.571    8.595    8.684    8.939
    9.108    9.193    9.464    9.627    9.663   10.193   10.549   10.646   14.071   14.074
   14.672   14.675   14.876   14.970   17.588   17.683   19.699   19.788   20.710   20.968
   21.056   21.219   21.903   21.944   23.014   23.029   24.872   24.915   25.312   25.530
